# Spherical Bessel functions via up and down recursion
0.1000000000000 7.2715109967137e-21 3.4267443425567e+02
0.2000000000000 7.4411725280515e-18 -1.3715933645000e-01
0.3000000000000 4.2862929705601e-16 3.9082557909065e-04
0.4000000000000 7.5999054878014e-15 -3.6628963986646e-04
0.5000000000000 7.0641239636619e-14 -2.1535726743238e-05
0.6000000000000 4.3634669469701e-13 3.8154843415536e-06
0.7000000000000 2.0326908136586e-12 -7.7011723499534e-07
0.8000000000000 7.7014628084179e-12 -3.5466350728425e-07
0.9000000000000 2.4916751284486e-11 2.7693206842785e-08
1.0000000000000 7.1165526400473e-11 4.0010148533459e-08
1.1000000000000 1.8374267942633e-10 5.8603022841258e-09
1.2000000000000 4.3643458262230e-10 -4.8767261623385e-09
1.3000000000000 9.6643681646248e-10 -1.5330267031253e-09
1.4000000000000 2.0158724116622e-09 2.2603005461555e-09
1.5000000000000 3.9934406994836e-09 3.4496752342996e-09
1.6000000000000 7.5630221314253e-09 7.3366727492991e-09
1.7000000000000 1.3767474201407e-08 1.3729204033099e-08
1.8000000000000 2.4197355439535e-08 2.4199534702288e-08
1.9000000000000 4.1215880664439e-08 4.1245061730410e-08
2.0000000000000 6.8253008649747e-08 6.8341991024359e-08
2.1000000000000 1.1018315590038e-07 1.1018685979193e-07
2.2000000000000 1.7380257612438e-07 1.7380011585133e-07
2.3000000000000 2.6842389956768e-07 2.6843883723175e-07
2.4000000000000 4.0660664225235e-07 4.0660243158862e-07
2.5000000000000 6.0504362296386e-07 6.0504559094074e-07
2.6000000000000 8.8562411509725e-07 8.8562584119974e-07
2.7000000000000 1.2766951605297e-06 1.2766983776067e-06
2.8000000000000 1.8145427336307e-06 1.8145428319589e-06
2.9000000000000 2.5451143172012e-06 2.5451137212733e-06
3.0000000000000 3.5260038931753e-06 3.5260028977733e-06
3.1000000000000 4.8287193177151e-06 4.8287195939981e-06
3.2000000000000 6.5412505060972e-06 6.5412507704527e-06
3.3000000000000 8.7709547664656e-06 8.7709548391121e-06
3.4000000000000 1.1647772968786e-05 1.1647772661833e-05
3.5000000000000 1.5327786999397e-05 1.5327787237228e-05
3.6000000000000 1.9997125123985e-05 1.9997125134283e-05
3.7000000000000 2.5876217463288e-05 2.5876217481566e-05
3.8000000000000 3.3224398786640e-05 3.3224398801742e-05
3.9000000000000 4.2344850269021e-05 4.2344850210004e-05
4.0000000000000 5.3589865768633e-05 5.3589865804506e-05
4.1000000000000 6.7366421605616e-05 6.7366421663439e-05
4.2000000000000 8.4142021810969e-05 8.4142021850607e-05
4.3000000000000 1.0445078343092e-04 1.0445078342134e-04
4.4000000000000 1.2889971878954e-04 1.2889971879994e-04
4.5000000000000 1.5817516371456e-04 1.5817516371565e-04
4.6000000000000 1.9304929271149e-04 1.9304929271811e-04
4.7000000000000 2.3438665402994e-04 2.3438665402779e-04
4.8000000000000 2.8315064961404e-04 2.8315064961874e-04
4.9000000000000 3.4040987718087e-04 3.4040987718365e-04
5.0000000000000 4.0734424424946e-04 4.0734424425252e-04
5.1000000000000 4.8525075697299e-04 4.8525075697351e-04
5.2000000000000 5.7554888023789e-04 5.7554888023532e-04
5.3000000000000 6.7978535981402e-04 6.7978535981763e-04
5.4000000000000 7.9963839250060e-04 7.9963839249743e-04
5.5000000000000 9.3692102633858e-04 9.3692102633751e-04
5.6000000000000 1.0935836701758e-03 1.0935836701753e-03
5.7000000000000 1.2717155902938e-03 1.2717155902931e-03
5.8000000000000 1.4735452715423e-03 1.4735452715398e-03
5.9000000000000 1.7014395215836e-03 1.7014395215827e-03
6.0000000000000 1.9579011995069e-03 1.9579011995061e-03
6.1000000000000 2.2455654543141e-03 2.2455654543141e-03
6.2000000000000 2.5671943646649e-03 2.5671943646655e-03
6.3000000000000 2.9256698788370e-03 2.9256698788368e-03
6.4000000000000 3.3239849631502e-03 3.3239849631498e-03
6.5000000000000 3.7652328781139e-03 3.7652328781141e-03
6.6000000000000 4.2525945142896e-03 4.2525945142895e-03
6.7000000000000 4.7893237342706e-03 4.7893237342707e-03
6.8000000000000 5.3787306832287e-03 5.3787306832286e-03
6.9000000000000 6.0241630480745e-03 6.0241630480745e-03
7.0000000000000 6.7289852643458e-03 6.7289852643456e-03
7.1000000000000 7.4965556903355e-03 7.4965556903357e-03
7.2000000000000 8.3302017895836e-03 8.3302017895840e-03
7.3000000000000 9.2331933854981e-03 9.2331933854982e-03
7.4000000000000 1.0208714075380e-02 1.0208714075380e-02
7.5000000000000 1.1259830915291e-02 1.1259830915291e-02
7.6000000000000 1.2389462511804e-02 1.2389462511804e-02
7.7000000000000 1.3600345681487e-02 1.3600345681488e-02
7.8000000000000 1.4895000863744e-02 1.4895000863744e-02
7.9000000000000 1.6275696497074e-02 1.6275696497075e-02
8.0000000000000 1.7744412592723e-02 1.7744412592723e-02
8.1000000000000 1.9302803762697e-02 1.9302803762696e-02
8.2000000000000 2.0952161981009e-02 2.0952161981009e-02
8.3000000000000 2.2693379377507e-02 2.2693379377507e-02
8.4000000000000 2.4526911382332e-02 2.4526911382332e-02
8.5000000000000 2.6452740555894e-02 2.6452740555894e-02
8.6000000000000 2.8470341453679e-02 2.8470341453679e-02
8.7000000000000 3.0578646887237e-02 3.0578646887237e-02
8.8000000000000 3.2776015951869e-02 3.2776015951869e-02
8.9000000000000 3.5060204197763e-02 3.5060204197763e-02
9.0000000000000 3.7428336324306e-02 3.7428336324306e-02
9.1000000000000 3.9876881776889e-02 3.9876881776889e-02
9.2000000000000 4.2401633621561e-02 4.2401633621561e-02
9.3000000000000 4.4997691065228e-02 4.4997691065228e-02
9.4000000000000 4.7659445977603e-02 4.7659445977603e-02
9.5000000000000 5.0380573755839e-02 5.0380573755839e-02
9.6000000000000 5.3154028853512e-02 5.3154028853512e-02
9.7000000000000 5.5972045272532e-02 5.5972045272532e-02
9.8000000000000 5.8826142289622e-02 5.8826142289622e-02
9.9000000000000 6.1707135658247e-02 6.1707135658247e-02
10.0000000000000 6.4605154492564e-02 6.4605154492564e-02
10.1000000000000 6.7509664002086e-02 6.7509664002086e-02
10.2000000000000 7.0409494204706e-02 7.0409494204706e-02
10.3000000000000 7.3292874701536e-02 7.3292874701536e-02
10.4000000000000 7.6147475550207e-02 7.6147475550207e-02
10.5000000000000 7.8960454223945e-02 7.8960454223945e-02
10.6000000000000 8.1718508592392e-02 8.1718508592392e-02
10.7000000000000 8.4407935807122e-02 8.4407935807122e-02
10.8000000000000 8.7014696920484e-02 8.7014696920484e-02
10.9000000000000 8.9524487011332e-02 8.9524487011332e-02
11.0000000000000 9.1922810535759e-02 9.1922810535759e-02
11.1000000000000 9.4195061565652e-02 9.4195061565652e-02
11.2000000000000 9.6326608523297e-02 9.6326608523297e-02
11.3000000000000 9.8302882966806e-02 9.8302882966806e-02
11.4000000000000 1.0010947192941e-01 1.0010947192941e-01
11.5000000000000 1.0173221326616e-01 1.0173221326616e-01
11.6000000000000 1.0315729341494e-01 1.0315729341494e-01
11.7000000000000 1.0437134693509e-01 1.0437134693509e-01
11.8000000000000 1.0536155714740e-01 1.0536155714740e-01
11.9000000000000 1.0611575716398e-01 1.0611575716398e-01
12.0000000000000 1.0662253056550e-01 1.0662253056550e-01
12.1000000000000 1.0687131095833e-01 1.0687131095833e-01
12.2000000000000 1.0685247962377e-01 1.0685247962377e-01
12.3000000000000 1.0655746045808e-01 1.0655746045808e-01
12.4000000000000 1.0597881139389e-01 1.0597881139389e-01
12.5000000000000 1.0511031149282e-01 1.0511031149282e-01
12.6000000000000 1.0394704290462e-01 1.0394704290462e-01
12.7000000000000 1.0248546690070e-01 1.0248546690070e-01
12.8000000000000 1.0072349320944e-01 1.0072349320944e-01
12.9000000000000 9.8660541907764e-02 9.8660541907764e-02
13.0000000000000 9.6297597156568e-02 9.6297597156568e-02
13.1000000000000 9.3637252109127e-02 9.3637252109127e-02
13.2000000000000 9.0683744368647e-02 9.0683744368647e-02
13.3000000000000 8.7442981425790e-02 8.7442981425790e-02
13.4000000000000 8.3922555567540e-02 8.3922555567540e-02
13.5000000000000 8.0131747815559e-02 8.0131747815559e-02
13.6000000000000 7.6081520524550e-02 7.6081520524550e-02
13.7000000000000 7.1784498348716e-02 7.1784498348716e-02
13.8000000000000 6.7254937366655e-02 6.7254937366655e-02
13.9000000000000 6.2508682241327e-02 6.2508682241327e-02
14.0000000000000 5.7563111381559e-02 5.7563111381559e-02
14.1000000000000 5.2437070164104e-02 5.2437070164104e-02
14.2000000000000 4.7150792369955e-02 4.7150792369955e-02
14.3000000000000 4.1725810084600e-02 4.1725810084600e-02
14.4000000000000 3.6184852408394e-02 3.6184852408394e-02
14.5000000000000 3.0551733419552e-02 3.0551733419552e-02
14.6000000000000 2.4851229927365e-02 2.4851229927365e-02
14.7000000000000 1.9108949646556e-02 1.9108949646556e-02
14.8000000000000 1.3351190514133e-02 1.3351190514133e-02
14.9000000000000 7.6047919570009e-03 7.6047919570009e-03
15.0000000000000 1.8969790010905e-03 1.8969790010904e-03
15.1000000000000 -3.7447998100302e-03 -3.7447998100303e-03
15.2000000000000 -9.2930396477934e-03 -9.2930396477934e-03
15.3000000000000 -1.4720350678756e-02 -1.4720350678756e-02
15.4000000000000 -1.9999632231348e-02 -1.9999632231348e-02
15.5000000000000 -2.5104248639380e-02 -2.5104248639380e-02
15.6000000000000 -3.0008205512120e-02 -3.0008205512120e-02
15.7000000000000 -3.4686325149624e-02 -3.4686325149623e-02
15.8000000000000 -3.9114419800559e-02 -3.9114419800559e-02
15.9000000000000 -4.3269461448376e-02 -4.3269461448376e-02
16.0000000000000 -4.7129746810634e-02 -4.7129746810634e-02
16.1000000000000 -5.0675056245892e-02 -5.0675056245892e-02
16.2000000000000 -5.3886805282867e-02 -5.3886805282867e-02
16.3000000000000 -5.6748187517625e-02 -5.6748187517625e-02
16.4000000000000 -5.9244307666454e-02 -5.9244307666454e-02
16.5000000000000 -6.1362303614439e-02 -6.1362303614439e-02
16.6000000000000 -6.3091456362610e-02 -6.3091456362610e-02
16.7000000000000 -6.4423286849374e-02 -6.4423286849374e-02
16.8000000000000 -6.5351638704443e-02 -6.5351638704443e-02
16.9000000000000 -6.5872746085082e-02 -6.5872746085082e-02
17.0000000000000 -6.5985285844662e-02 -6.5985285844662e-02
17.1000000000000 -6.5690413391528e-02 -6.5690413391528e-02
17.2000000000000 -6.4991781711264e-02 -6.4991781711264e-02
17.3000000000000 -6.3895543146866e-02 -6.3895543146866e-02
17.4000000000000 -6.2410333658005e-02 -6.2410333658005e-02
17.5000000000000 -6.0547239411778e-02 -6.0547239411778e-02
17.6000000000000 -5.8319745691806e-02 -5.8319745691806e-02
17.7000000000000 -5.5743668249441e-02 -5.5743668249441e-02
17.8000000000000 -5.2837067358899e-02 -5.2837067358899e-02
17.9000000000000 -4.9620144976306e-02 -4.9620144976306e-02
18.0000000000000 -4.6115125539801e-02 -4.6115125539801e-02
18.1000000000000 -4.2346121082718e-02 -4.2346121082718e-02
18.2000000000000 -3.8338981463457e-02 -3.8338981463457e-02
18.3000000000000 -3.4121130642694e-02 -3.4121130642694e-02
18.4000000000000 -2.9721390059986e-02 -2.9721390059986e-02
18.5000000000000 -2.5169790276543e-02 -2.5169790276543e-02
18.6000000000000 -2.0497372157839e-02 -2.0497372157839e-02
18.7000000000000 -1.5735978967879e-02 -1.5735978967879e-02
18.8000000000000 -1.0918040835354e-02 -1.0918040835354e-02
18.9000000000000 -6.0763531297699e-03 -6.0763531297700e-03
19.0000000000000 -1.2438503520439e-03 -1.2438503520438e-03
19.1000000000000 3.5466228015315e-03 3.5466228015316e-03
19.2000000000000 8.2625415014440e-03 8.2625415014440e-03
19.3000000000000 1.2871930244265e-02 1.2871930244265e-02
19.4000000000000 1.7343589965332e-02 1.7343589965332e-02
19.5000000000000 2.1647321060146e-02 2.1647321060146e-02
19.6000000000000 2.5754140583065e-02 2.5754140583065e-02
19.7000000000000 2.9636491919245e-02 2.9636491919245e-02
19.8000000000000 3.3268445267308e-02 3.3268445267308e-02
19.9000000000000 3.6625887325682e-02 3.6625887325682e-02
20.0000000000000 3.9686698644627e-02 3.9686698644627e-02
20.1000000000000 4.2430917188325e-02 4.2430917188325e-02
20.2000000000000 4.4840886746414e-02 4.4840886746414e-02
20.3000000000000 4.6901388941414e-02 4.6901388941414e-02
20.4000000000000 4.8599757696868e-02 4.8599757696868e-02
20.5000000000000 4.9925975159767e-02 4.9925975159767e-02
20.6000000000000 5.0872748209111e-02 5.0872748209111e-02
20.7000000000000 5.1435564829062e-02 5.1435564829062e-02
20.8000000000000 5.1612729779108e-02 5.1612729779108e-02
20.9000000000000 5.1405379153608e-02 5.1405379153608e-02
21.0000000000000 5.0817473587869e-02 5.0817473587869e-02
21.1000000000000 4.9855770036151e-02 4.9855770036151e-02
21.2000000000000 4.8529772217270e-02 4.8529772217270e-02
21.3000000000000 4.6851659994517e-02 4.6851659994517e-02
21.4000000000000 4.4836198126809e-02 4.4836198126809e-02
21.5000000000000 4.2500624996125e-02 4.2500624996125e-02
21.6000000000000 3.9864522080743e-02 3.9864522080743e-02
21.7000000000000 3.6949665103253e-02 3.6949665103253e-02
21.8000000000000 3.3779857935470e-02 3.3779857935470e-02
21.9000000000000 3.0380750487687e-02 3.0380750487687e-02
22.0000000000000 2.6779641946121e-02 2.6779641946120e-02
22.1000000000000 2.3005270848512e-02 2.3005270848512e-02
22.2000000000000 1.9087593602653e-02 1.9087593602653e-02
22.3000000000000 1.5057553154951e-02 1.5057553154951e-02
22.4000000000000 1.0946839605146e-02 1.0946839605146e-02
22.5000000000000 6.7876446380675e-03 6.7876446380676e-03
22.6000000000001 2.6124117030957e-03 2.6124117030957e-03
22.7000000000001 -1.5464160837175e-03 -1.5464160837175e-03
22.8000000000001 -5.6566483117789e-03 -5.6566483117789e-03
22.9000000000001 -9.6865979074353e-03 -9.6865979074353e-03
23.0000000000001 -1.3605328014753e-02 -1.3605328014753e-02
23.1000000000001 -1.7382893137066e-02 -1.7382893137066e-02
23.2000000000001 -2.0990572588918e-02 -2.0990572588918e-02
23.3000000000001 -2.4401094362535e-02 -2.4401094362535e-02
23.4000000000001 -2.7588847583623e-02 -2.7588847583623e-02
23.5000000000001 -3.0530081817344e-02 -3.0530081817344e-02
23.6000000000001 -3.3203091586465e-02 -3.3203091586465e-02
23.7000000000001 -3.5588384578839e-02 -3.5588384578839e-02
23.8000000000001 -3.7668832149838e-02 -3.7668832149838e-02
23.9000000000001 -3.9429800866123e-02 -3.9429800866123e-02
24.0000000000001 -4.0859263988904e-02 -4.0859263988904e-02
24.1000000000001 -4.1947891956629e-02 -4.1947891956629e-02
24.2000000000001 -4.2689121097297e-02 -4.2689121097297e-02
24.3000000000001 -4.3079199978105e-02 -4.3079199978105e-02
24.4000000000001 -4.3117212983276e-02 -4.3117212983276e-02
24.5000000000001 -4.2805080898291e-02 -4.2805080898291e-02
24.6000000000001 -4.2147538468675e-02 -4.2147538468675e-02
24.7000000000001 -4.1152089092429e-02 -4.1152089092429e-02
24.8000000000001 -3.9828936995508e-02 -3.9828936995508e-02
24.9000000000001 -3.8190897427783e-02 -3.8190897427783e-02
25.0000000000001 -3.6253285601127e-02 -3.6253285601127e-02
25.1000000000001 -3.4033785269948e-02 -3.4033785269947e-02
25.2000000000001 -3.1552298026244e-02 -3.1552298026244e-02
25.3000000000001 -2.8830774544427e-02 -2.8830774544427e-02
25.4000000000001 -2.5893029164404e-02 -2.5893029164404e-02
25.5000000000001 -2.2764539343445e-02 -2.2764539343445e-02
25.6000000000001 -1.9472231636705e-02 -1.9472231636705e-02
25.7000000000001 -1.6044255982032e-02 -1.6044255982032e-02
25.8000000000001 -1.2509750165645e-02 -1.2509750165645e-02
25.9000000000001 -8.8985964305468e-03 -8.8985964305468e-03
26.0000000000001 -5.2411722583838e-03 -5.2411722583838e-03
26.1000000000001 -1.5680974071941e-03 -1.5680974071942e-03
26.2000000000001 2.0900206783973e-03 2.0900206783973e-03
26.3000000000001 5.7028409518059e-03 5.7028409518059e-03
26.4000000000001 9.2405402131896e-03 9.2405402131896e-03
26.5000000000001 1.2674059811661e-02 1.2674059811661e-02
26.6000000000001 1.5975345528686e-02 1.5975345528686e-02
26.7000000000001 1.9117578626382e-02 1.9117578626382e-02
26.8000000000001 2.2075396117833e-02 2.2075396117833e-02
26.9000000000001 2.4825098406701e-02 2.4825098406701e-02
27.0000000000001 2.7344842549603e-02 2.7344842549603e-02
27.1000000000001 2.9614819516118e-02 2.9614819516118e-02
27.2000000000001 3.1617413956727e-02 3.1617413956727e-02
27.3000000000001 3.3337345137575e-02 3.3337345137575e-02
27.4000000000001 3.4761787861106e-02 3.4761787861106e-02
27.5000000000001 3.5880472362325e-02 3.5880472362325e-02
27.6000000000001 3.6685762349943e-02 3.6685762349943e-02
27.7000000000001 3.7172710548614e-02 3.7172710548614e-02
27.8000000000001 3.7339091291172e-02 3.7339091291172e-02
27.9000000000001 3.7185409906573e-02 3.7185409906573e-02
28.0000000000001 3.6714888848450e-02 3.6714888848450e-02
28.1000000000001 3.5933430709065e-02 3.5933430709065e-02
28.2000000000001 3.4849558462232e-02 3.4849558462232e-02
28.3000000000001 3.3474333474763e-02 3.3474333474763e-02
28.4000000000001 3.1821252017452e-02 3.1821252017451e-02
28.5000000000001 2.9906121191859e-02 2.9906121191858e-02
28.6000000000001 2.7746915366584e-02 2.7746915366584e-02
28.7000000000001 2.5363614384714e-02 2.5363614384714e-02
28.8000000000001 2.2778024961280e-02 2.2778024961280e-02
28.9000000000001 2.0013586834432e-02 2.0013586834432e-02
29.0000000000001 1.7095165365326e-02 1.7095165365326e-02
29.1000000000001 1.4048832398316e-02 1.4048832398316e-02
29.2000000000001 1.0901637293852e-02 1.0901637293852e-02
29.3000000000001 7.6813701306503e-03 7.6813701306504e-03
29.4000000000001 4.4163191404107e-03 4.4163191404108e-03
29.5000000000001 1.1350244870720e-03 1.1350244870720e-03
29.6000000000002 -2.1339694671757e-03 -2.1339694671757e-03
29.7000000000002 -5.3623612554302e-03 -5.3623612554301e-03
29.8000000000002 -8.5223366128652e-03 -8.5223366128651e-03
29.9000000000002 -1.1586807876676e-02 -1.1586807876676e-02
30.0000000000002 -1.4529646403902e-02 -1.4529646403902e-02
30.1000000000002 -1.7325905994869e-02 -1.7325905994869e-02
30.2000000000002 -1.9952035390699e-02 -1.9952035390699e-02
30.3000000000002 -2.2386078010995e-02 -2.2386078010994e-02
30.4000000000002 -2.4607857211581e-02 -2.4607857211581e-02
30.5000000000002 -2.6599145471082e-02 -2.6599145471082e-02
30.6000000000002 -2.8343816057973e-02 -2.8343816057971e-02
30.7000000000002 -2.9827975885329e-02 -2.9827975885327e-02
30.8000000000002 -3.1040078427436e-02 -3.1040078427433e-02
30.9000000000002 -3.1971015749182e-02 -3.1971015749177e-02
31.0000000000002 -3.2614188884279e-02 -3.2614188884272e-02
31.1000000000002 -3.2965555990078e-02 -3.2965555990067e-02
31.2000000000002 -3.3023657903444e-02 -3.3023657903422e-02
31.3000000000002 -3.2789620922072e-02 -3.2789620922019e-02
31.4000000000002 -3.2267136837283e-02 -3.2267136836790e-02
31.5000000000002 -3.1462420442019e-02 -3.1462420442139e-02
31.6000000000002 -3.0384144949339e-02 -3.0384144949410e-02
31.7000000000002 -2.9043355923901e-02 -2.9043355923961e-02
31.8000000000002 -2.7453364555335e-02 -2.7453364555392e-02
31.9000000000002 -2.5629621252321e-02 -2.5629621252379e-02
32.0000000000002 -2.3589570726366e-02 -2.3589570726430e-02
32.1000000000002 -2.1352489891202e-02 -2.1352489891273e-02
32.2000000000002 -1.8939310054938e-02 -1.8939310055018e-02
32.3000000000002 -1.6372425019228e-02 -1.6372425019322e-02
32.4000000000002 -1.3675486822283e-02 -1.3675486822394e-02
32.5000000000002 -1.0873190969522e-02 -1.0873190969656e-02
32.6000000000002 -7.9910530860889e-03 -7.9910530862505e-03
32.7000000000002 -5.0551789984550e-03 -5.0551789986527e-03
32.8000000000002 -2.0920303073724e-03 -2.0920303076170e-03
32.9000000000002 8.7181244907214e-04 8.7181244876700e-04
33.0000000000002 3.8098869258506e-03 3.8098869254665e-03
33.1000000000002 6.6960842796650e-03 6.6960842791772e-03
33.2000000000002 9.5048805609540e-03 9.5048805603290e-03
33.3000000000002 1.2211562133268e-02 1.2211562132460e-02
33.4000000000002 1.4792443121408e-02 1.4792443120353e-02
33.5000000000002 1.7225072964958e-02 1.7225072963565e-02
33.6000000000002 1.9488432246220e-02 1.9488432244358e-02
33.7000000000002 2.1563115070288e-02 2.1563115067767e-02
33.8000000000002 2.3431496399063e-02 2.3431496395592e-02
33.9000000000002 2.5077882879224e-02 2.5077882874347e-02
34.0000000000002 2.6488645855418e-02 2.6488645848388e-02
34.1000000000002 2.7652335422689e-02 2.7652335412192e-02
34.2000000000002 2.8559774545126e-02 2.8559774528629e-02
34.3000000000002 2.9204132449568e-02 2.9204132421378e-02
34.4000000000002 2.9580976694749e-02 2.9580976637901e-02
34.5000000000002 2.9688303565203e-02 2.9688303372744e-02
34.6000000000002 2.9526545514891e-02 2.9526545837738e-02
34.7000000000002 2.9098560544526e-02 2.9098560664038e-02
34.8000000000002 2.8409592431825e-02 2.8409592519205e-02
34.9000000000002 2.7467217241589e-02 2.7467217318740e-02
35.0000000000002 2.6281264529355e-02 2.6281264603991e-02
35.1000000000002 2.4863719769070e-02 2.4863719845337e-02
35.2000000000002 2.3228607528511e-02 2.3228607609378e-02
35.3000000000002 2.1391856611753e-02 2.1391856699844e-02
35.4000000000002 1.9371148444601e-02 1.9371148542589e-02
35.5000000000002 1.7185750123043e-02 1.7185750233900e-02
35.6000000000002 1.4856333679820e-02 1.4856333807031e-02
35.7000000000002 1.2404783245486e-02 1.2404783393275e-02
35.8000000000002 9.8539918861529e-03 9.8539920597440e-03
35.9000000000002 7.2276499896606e-03 7.2276501956212e-03
36.0000000000002 4.5500271442571e-03 4.5500273909413e-03
36.1000000000002 1.8457495083847e-03 1.8457498065361e-03
36.2000000000002 -8.6042529357425e-04 -8.6042492999178e-04
36.3000000000002 -3.5438336971045e-03 -3.5438332497414e-03
36.4000000000002 -6.1801300935225e-03 -6.1801295379782e-03
36.5000000000002 -8.7455070645079e-03 -8.7455063679003e-03
36.6000000000003 -1.1216909961927e-02 -1.1216909079263e-02
36.7000000000003 -1.3572243896171e-02 -1.3572242764772e-02
36.8000000000003 -1.5790571270427e-02 -1.5790569801078e-02
36.9000000000003 -1.7852298089665e-02 -1.7852296151978e-02
37.0000000000003 -1.9739347381277e-02 -1.9739344778251e-02
37.1000000000003 -2.1435318189468e-02 -2.1435314610297e-02
37.2000000000003 -2.2925628750604e-02 -2.2925623675479e-02
37.3000000000003 -2.4197642635814e-02 -2.4197635120287e-02
37.4000000000003 -2.5240776930005e-02 -2.5240765026948e-02
37.5000000000003 -2.6046592367005e-02 -2.6046571093360e-02
37.6000000000003 -2.6608872385732e-02 -2.6608821422633e-02
37.7000000000003 -2.6916747519478e-02 -2.6923542852463e-02
37.8000000000003 -2.6988976765651e-02 -2.6989048443372e-02
37.9000000000003 -2.6805900717618e-02 -2.6805943936740e-02
38.0000000000003 -2.6377078462672e-02 -2.6377113186749e-02
38.1000000000003 -2.5707651326671e-02 -2.5707682763149e-02
38.2000000000003 -2.4804935691156e-02 -2.4804966112315e-02
38.3000000000003 -2.3678357114466e-02 -2.3678387850611e-02
38.4000000000003 -2.2339356924822e-02 -2.2339388945038e-02
38.5000000000003 -2.0801279568472e-02 -2.0801313709677e-02
38.6000000000003 -1.9079242629487e-02 -1.9079279711114e-02
38.7000000000003 -1.7189990933625e-02 -1.7190031830304e-02
38.8000000000003 -1.5151736170839e-02 -1.5151781870702e-02
38.9000000000003 -1.2983983570000e-02 -1.2984035231874e-02
39.0000000000003 -1.0707347264920e-02 -1.0707406282789e-02
39.1000000000003 -8.3433560866710e-03 -8.3434241687520e-03
39.2000000000003 -5.9142515987062e-03 -5.9143308694376e-03
39.3000000000003 -3.4427802561595e-03 -3.4428733920911e-03
39.4000000000003 -9.5198161765049e-04 -9.5209203298766e-04
39.5000000000003 1.5350254341759e-03 1.5348933286414e-03
39.6000000000003 3.9952564996051e-03 3.9950969271063e-03
39.7000000000003 6.4060735474229e-03 6.4058788254605e-03
39.8000000000003 8.7453929715026e-03 8.7451527012650e-03
39.9000000000003 1.0991887986956e-02 1.0991587796311e-02
40.0000000000003 1.3125183665126e-02 1.3124803182755e-02
40.1000000000003 1.5126043141504e-02 1.5125552574127e-02
40.2000000000003 1.6976544004757e-02 1.6975898001903e-02
40.3000000000003 1.8660245000314e-02 1.8659370785861e-02
40.4000000000003 2.0162346400097e-02 2.0161118348286e-02
40.5000000000003 2.1469858801775e-02 2.1468035557097e-02
40.6000000000003 2.2571848716314e-02 2.2568879429764e-02
40.7000000000003 2.3460224888082e-02 2.3454366187264e-02
40.8000000000003 2.4140676975427e-02 2.4117249813590e-02
40.9000000000003 2.4533780186706e-02 2.4552381450116e-02
41.0000000000003 2.4748704314249e-02 2.4756749133682e-02
41.1000000000003 2.4723743776674e-02 2.4729497570901e-02
41.2000000000003 2.4467082346204e-02 2.4471927827370e-02
41.3000000000003 2.3983043148942e-02 2.3987476997170e-02
41.4000000000003 2.3277408464152e-02 2.3281678103796e-02
41.5000000000003 2.2357842508494e-02 2.2362100666601e-02
41.6000000000003 2.1233914299979e-02 2.1238272545255e-02
41.7000000000003 1.9917031854803e-02 1.9921583847092e-02
41.8000000000003 1.8420340215818e-02 1.8425173846791e-02
41.9000000000003 1.6758597015675e-02 1.6763802023209e-02
42.0000000000003 1.4948030700053e-02 1.4953704462906e-02
42.1000000000003 1.3006184167457e-02 1.3012437012599e-02
42.2000000000003 1.0951745837509e-02 1.0958706682293e-02
42.3000000000003 8.8043699059558e-03 8.8121929060937e-03
42.4000000000003 6.5844874402070e-03 6.5933603576638e-03
42.5000000000003 4.3131098872108e-03 4.3232650912676e-03
42.6000000000003 2.0116264372763e-03 2.0233558365803e-03
42.7000000000003 -2.9840355235473e-04 -2.8472768448804e-04
42.8000000000003 -2.5954623223418e-03 -2.5793575281806e-03
42.9000000000003 -4.8582897674177e-03 -4.8391194908971e-03
43.0000000000003 -7.0661055432432e-03 -7.0430123800951e-03
43.1000000000003 -9.1988423358366e-03 -9.1706427418086e-03
43.2000000000003 -1.1237402609488e-02 -1.1202413240160e-02
43.3000000000003 -1.3163967848826e-02 -1.3119702948649e-02
43.4000000000003 -1.4962431865747e-02 -1.4905037893494e-02
43.5000000000003 -1.6619152047727e-02 -1.6542250285143e-02
43.6000000000003 -1.8124624623070e-02 -1.8016624984250e-02
43.7000000000004 -1.9478429483990e-02 -1.9315031871938e-02
43.8000000000004 -2.0710253651326e-02 -2.0426042929855e-02
43.9000000000004 -2.2058815316530e-02 -2.1340032981965e-02
44.0000000000004 -1.8933205007863e-02 -2.2049263206004e-02
44.1000000000004 -2.1950037976758e-02 -2.2547946686366e-02
44.2000000000004 -2.2463743610935e-02 -2.2832295450522e-02
44.3000000000004 -2.2613897038129e-02 -2.2900548606113e-02
44.4000000000004 -2.2505383475379e-02 -2.2752981374108e-02
44.5000000000004 -2.2164639300819e-02 -2.2391894993089e-02
44.6000000000004 -2.1604444970055e-02 -2.1821587649178e-02
44.7000000000004 -2.0834719002040e-02 -2.1048306763678e-02
44.8000000000004 -1.9865361396076e-02 -2.0080183144443e-02
44.9000000000004 -1.8707177529440e-02 -1.8927147675784e-02
45.0000000000004 -1.7372186130677e-02 -1.7600831383724e-02
45.1000000000004 -1.5873684304220e-02 -1.6114449867108e-02
45.2000000000004 -1.4226197957744e-02 -1.4482673229128e-02
45.3000000000004 -1.2445367708719e-02 -1.2721482776781e-02
45.4000000000004 -1.0547791054360e-02 -1.0848015876544e-02
45.5000000000004 -8.5508286467888e-03 -8.8804004618753e-03
45.6000000000004 -6.4723751482167e-03 -6.8375807812034e-03
45.7000000000004 -4.3305889444592e-03 -4.7391360529024e-03
45.8000000000004 -2.1435672660501e-03 -2.6050937557002e-03
45.9000000000004 7.1059006519800e-05 -4.5573932851220e-04
46.0000000000004 2.2966585415551e-03 1.6885759175967e-03
46.1000000000004 4.5183507127876e-03 3.8076268609437e-03
46.2000000000004 6.7241512859824e-03 5.8815047953225e-03
46.3000000000004 8.9068792563507e-03 7.8908040342005e-03
46.4000000000004 1.1067643546876e-02 9.8168031457980e-03
46.5000000000004 1.3222916811248e-02 1.1641639127436e-02
46.6000000000004 1.5420756435753e-02 1.3348472898941e-02
46.7000000000004 1.7784359167771e-02 1.4921644581391e-02
46.8000000000004 2.0658784259421e-02 1.6346817128211e-02
46.9000000000004 2.5334769043413e-02 1.7611106989612e-02
47.0000000000004 4.3058898128090e-02 1.8703200617489e-02
47.1000000000004 -9.5313414951611e-03 1.9613455754952e-02
47.2000000000004 1.0092070278114e-02 2.0333986601320e-02
47.3000000000004 1.4188677816214e-02 2.0858732098242e-02
47.4000000000004 1.5979433796989e-02 2.1183506744231e-02
47.5000000000004 1.6867512364357e-02 2.1306033511564e-02
47.6000000000004 1.7230434151103e-02 2.1225958609914e-02
47.7000000000004 1.7213244876920e-02 2.0944848013292e-02
47.8000000000004 1.6885042256713e-02 2.0466165839574e-02
47.9000000000004 1.6284607231375e-02 1.9795234843170e-02
48.0000000000004 1.5437025850411e-02 1.8939179449815e-02
48.1000000000004 1.4360647424855e-02 1.7906851926386e-02
48.2000000000004 1.3070226947291e-02 1.6708742436488e-02
48.3000000000004 1.1578332634095e-02 1.5356873882916e-02
48.4000000000004 9.8958378785933e-03 1.3864682579497e-02
48.5000000000004 8.0318227507164e-03 1.2246885926021e-02
48.6000000000004 5.9929746025901e-03 1.0519338379636e-02
48.7000000000004 3.7824193528193e-03 8.6988771232819e-03
48.8000000000004 1.3977433025364e-03 6.8031589252805e-03
48.9000000000004 -1.1723096830179e-03 4.8504897634379e-03
49.0000000000004 -3.9535203599750e-03 2.8596488510487e-03
49.1000000000004 -6.9964971748529e-03 8.4970875059674e-04
49.2000000000004 -1.0396717504585e-02 -1.1601467067924e-03
49.3000000000004 -1.4337195754119e-02 -3.1508049621933e-03
49.4000000000004 -1.9190782152094e-02 -5.1034059966583e-03
49.5000000000004 -2.5809417595607e-02 -6.9995206096045e-03
49.6000000000004 -3.6574839131138e-02 -8.8213240247579e-03
49.7000000000004 -6.1381574877445e-02 -1.0551763189759e-02
49.8000000000004 -2.5276486952756e-01 -1.2174716200066e-02
49.9000000000004 8.1853552036169e-02 -1.3675142357065e-02
50.0000000000004 2.6348257592026e-02 -1.5039221463472e-02
50.1000000000004 1.0846682572022e-02 -1.6254481065367e-02
50.2000000000004 3.2396867463688e-03 -1.7309910468364e-02
50.3000000000004 -1.3742816721076e-03 -1.8196060484466e-02
50.4000000000004 -4.4649675583504e-03 -1.8905128004733e-02
50.5000000000004 -6.6242074373441e-03 -1.9431024639743e-02
50.6000000000004 -8.1354826817622e-03 -1.9769428823432e-02
50.7000000000005 -9.1516762391050e-03 -1.9917820934925e-02
50.8000000000005 -9.7631160560523e-03 -1.9875501155715e-02
50.9000000000005 -1.0027517531176e-02 -1.9643589944652e-02
51.0000000000005 -9.9845624629833e-03 -1.9225011178872e-02
51.1000000000005 -9.6635524146817e-03 -1.8624458173682e-02
51.2000000000005 -9.0876530173933e-03 -1.7848342956744e-02
51.3000000000005 -8.2763319684207e-03 -1.6904729330273e-02
51.4000000000005 -7.2467737818274e-03 -1.5803250407832e-02
51.5000000000005 -6.0146735708030e-03 -1.4555011458189e-02
51.6000000000005 -4.5946212054509e-03 -1.3172479026345e-02
51.7000000000005 -3.0001823610041e-03 -1.1669357429789e-02
51.8000000000005 -1.2437165890723e-03 -1.0060453845235e-02
51.9000000000005 6.6408106371857e-04 -8.3615333064241e-03
52.0000000000005 2.7149882883826e-03 -6.5891650259533e-03
52.1000000000005 4.9045761407781e-03 -4.7605615328533e-03
52.2000000000005 7.2343633503751e-03 -2.8934121819003e-03
52.3000000000005 9.7154407865347e-03 -1.0057126399314e-03
52.4000000000005 1.2374883211421e-02 8.8440801173169e-04
52.5000000000005 1.5267865404025e-02 2.7588609015336e-03
52.6000000000005 1.8502553438179e-02 4.5997700591404e-03
52.7000000000005 2.2297065034990e-02 6.3896425282174e-03
52.8000000000005 2.7130309444621e-02 8.1115342839050e-03
52.9000000000005 3.4236461993299e-02 9.7492103829844e-03
53.0000000000005 4.7917771706878e-02 1.1287297834222e-02
53.1000000000005 9.9842707074798e-02 1.2711429750171e-02
53.2000000000005 -1.2190372255835e-01 1.4008379429042e-02
53.3000000000005 -1.7809837795164e-02 1.5166183115243e-02
53.4000000000005 -7.0707111639126e-04 1.6174250298922e-02
53.5000000000005 6.7366996760932e-03 1.7023460537088e-02
53.6000000000005 1.1043782930491e-02 1.7706245910609e-02
53.7000000000005 1.3873255584678e-02 1.8216658371172e-02
53.8000000000005 1.5840309667760e-02 1.8550421378874e-02
53.9000000000005 1.7225768413809e-02 1.8704965382974e-02
54.0000000000005 1.8176929543455e-02 1.8679446854189e-02
54.1000000000005 1.8779782253003e-02 1.8474750734996e-02
54.2000000000005 1.9089422873344e-02 1.8093476333502e-02
54.3000000000005 1.9144397676747e-02 1.7539906844718e-02
54.4000000000005 1.8974060855730e-02 1.6819962839320e-02
54.5000000000005 1.8602597837605e-02 1.5941140212437e-02
54.6000000000005 1.8051332389956e-02 1.4912433232425e-02
54.7000000000005 1.7340094149048e-02 1.3744243470458e-02
54.8000000000005 1.6488044348634e-02 1.2448275524785e-02
54.9000000000005 1.5514175095792e-02 1.1037420577449e-02
55.0000000000005 1.4437604609309e-02 9.5256289349088e-03
55.1000000000005 1.3277741209950e-02 7.9277728063420e-03
55.2000000000005 1.2054361289317e-02 6.2595006634780e-03
55.3000000000005 1.0787630687002e-02 4.5370846027194e-03
55.4000000000005 9.4980896526679e-03 2.7772621934620e-03
55.5000000000005 8.2066161142454e-03 9.9707434524474e-04
55.6000000000005 6.9343788332786e-03 -7.8629923971734e-04
55.7000000000005 5.7027903986959e-03 -2.5557054432539e-03
55.8000000000005 4.5334694721055e-03 -4.2941823482915e-03
55.9000000000005 3.4482220741743e-03 -5.9851215189987e-03
56.0000000000005 2.4690529941238e-03 -7.6124263935688e-03
56.1000000000005 1.6182207801275e-03 -9.1606652807670e-03
56.2000000000005 9.1835359126700e-04 -1.0615217507318e-02
56.3000000000005 3.9264910379099e-04 -1.1962411332954e-02
56.4000000000005 6.5190744387539e-05 -1.3189652332777e-02
56.5000000000005 -3.8573423596863e-05 -1.4285541041676e-02
56.6000000000005 1.0887925575604e-04 -1.5239978761972e-02
56.7000000000005 5.3819092180218e-04 -1.6044260552134e-02
56.8000000000005 1.2846651932735e-03 -1.6691154540220e-02
56.9000000000005 2.3905671197282e-03 -1.7174966839420e-02
57.0000000000005 3.9086145262008e-03 -1.7491591483336e-02
57.1000000000005 5.9074076315722e-03 -1.7638544944200e-02
57.2000000000005 8.4801384299992e-03 -1.7614984946526e-02
57.3000000000005 1.1759108167704e-02 -1.7421713440435e-02
57.4000000000005 1.5941097053758e-02 -1.7061163751491e-02
57.5000000000005 2.1334363198029e-02 -1.6537372075947e-02
57.6000000000005 2.8452325075317e-02 -1.5855933640346e-02
57.7000000000005 3.8218761298774e-02 -1.5023943991007e-02
57.8000000000006 5.2477788045858e-02 -1.4049926020623e-02
57.9000000000006 7.5510677448451e-02 -1.2943743474765e-02
58.0000000000006 1.2001656145544e-01 -1.1716501809054e-02
58.1000000000006 2.4764063878554e-01 -1.0380437387120e-02
58.2000000000006 6.8969473305079e+00 -8.9487961189227e-03
58.3000000000006 -2.8393696838541e-01 -7.4357027376420e-03
58.4000000000006 -1.4053278265602e-01 -5.8560220001652e-03
58.5000000000006 -9.2727157772328e-02 -4.2252131704628e-03
58.6000000000006 -6.8094044033283e-02 -2.5591792060959e-03
58.7000000000006 -5.2612886302728e-02 -8.7411211525335e-04
58.8000000000006 -4.1681701135670e-02 8.1366401539457e-04
58.9000000000006 -3.3352087132484e-02 2.4878508033656e-03
59.0000000000006 -2.6662506842101e-02 4.1323326412064e-03
59.1000000000006 -2.1087406435686e-02 5.7313315441207e-03
59.2000000000006 -1.6318057151724e-02 7.2695582885002e-03
59.3000000000006 -1.2163281826889e-02 8.7323583952211e-03
59.4000000000006 -8.4999118230226e-03 1.0105851565136e-02
59.5000000000006 -5.2461213869333e-03 1.1377063241051e-02
59.6000000000006 -2.3461742131481e-03 1.2534047049915e-02
59.7000000000006 2.3875185338807e-04 1.3565996970231e-02
59.8000000000006 2.5363220716837e-03 1.4463348171814e-02
59.9000000000006 4.5667890687944e-03 1.5217865587101e-02
60.0000000000006 6.3455030609255e-03 1.5822719394011e-02
60.1000000000006 7.8846381203306e-03 1.6272546718773e-02
60.2000000000006 9.1944040564646e-03 1.6563499001900e-02
60.3000000000006 1.0283910532030e-02 1.6693274610264e-02
60.4000000000006 1.1161789338044e-02 1.6661136421656e-02
60.5000000000006 1.1836643906212e-02 1.6467914253953e-02
60.6000000000006 1.2317372187750e-02 1.6115992157550e-02
60.7000000000006 1.2613394407274e-02 1.5609280735774e-02
60.8000000000006 1.2734807699202e-02 1.4953174802020e-02
60.9000000000006 1.2692483351897e-02 1.4154496823082e-02
61.0000000000006 1.2498118168248e-02 1.3221426734138e-02
61.1000000000006 1.2164248585215e-02 1.2163418840887e-02
61.2000000000006 1.1704234225810e-02 1.0991106647101e-02
61.3000000000006 1.1132216193015e-02 9.7161965602049e-03
61.4000000000006 1.0463054464417e-02 8.3513515324340e-03
61.5000000000006 9.7122480814066e-03 6.9100657894480e-03
61.6000000000006 8.8958413614933e-03 5.4065318813882e-03
61.7000000000006 8.0303190382737e-03 3.8555013622218e-03
61.8000000000006 7.1324930108372e-03 2.2721404613460e-03
61.9000000000006 6.2193832359333e-03 6.7188215620170e-04
62.0000000000006 5.3080952042297e-03 -9.2972391428819e-04
62.1000000000006 4.4156963955995e-03 -2.5171622385714e-03
62.2000000000006 3.5590941023627e-03 -4.0751014637754e-03
62.3000000000006 2.7549170435423e-03 -5.5885422208019e-03
62.4000000000006 2.0194032723078e-03 -7.0429613196753e-03
62.5000000000006 1.3682970133885e-03 -8.4244509304483e-03
62.6000000000006 8.1675727497843e-04 -9.7198514170866e-03
62.7000000000006 3.7928138772719e-04 -1.0916876556635e-02
62.8000000000006 6.9647072511571e-05 -1.2004229952929e-02
62.9000000000006 -9.9122710735623e-05 -1.2971711542400e-02
63.0000000000006 -1.1476693867051e-04 -1.3810313188271e-02
63.1000000000006 3.4240839271643e-05 -1.4512302467587e-02
63.2000000000006 3.5876297178598e-04 -1.5071293872150e-02
63.3000000000006 8.6912281023774e-04 -1.5482306768193e-02
63.4000000000006 1.5753003940988e-03 -1.5741809589538e-02
63.5000000000006 2.4872213633866e-03 -1.5847749873512e-02
63.6000000000006 3.6151720655817e-03 -1.5799569887013e-02
63.7000000000006 4.9703900374551e-03 -1.5598207730216e-02
63.8000000000006 6.5659050808693e-03 -1.5246083946306e-02
63.9000000000006 8.4177490439083e-03 -1.4747073805892e-02
64.0000000000006 1.0546725146017e-02 -1.4106465573004e-02
64.1000000000006 1.2981055144630e-02 -1.3330905194572e-02
64.2000000000006 1.5760454660704e-02 -1.2428327985571e-02
64.3000000000006 1.8942628294385e-02 -1.1407878006551e-02
64.4000000000006 2.2614059746750e-02 -1.0279815947640e-02
64.5000000000006 2.6908852009786e-02 -9.0554164423838e-03
64.6000000000006 3.2043675429568e-02 -7.7468558347900e-03
64.7000000000006 3.8387656541883e-02 -6.3670915128250e-03
64.8000000000006 4.6616276235171e-02 -4.9297340004530e-03
64.9000000000006 5.8096898049039e-02 -3.4489130674321e-03
65.0000000000006 7.6049417282488e-02 -1.9391391708161e-03
65.1000000000006 1.1021785706577e-01 -4.1516158398989e-04
65.2000000000006 2.1004834364288e-01 1.1081754023012e-03
65.3000000000006 -1.1382342063485e+01 2.6160768073256e-03
65.4000000000006 -1.6844612141346e-01 4.0939404150009e-03
65.5000000000006 -7.3540154912879e-02 5.5274979666949e-03
65.6000000000005 -4.0462638757133e-02 6.9029527285795e-03
65.7000000000005 -2.3101487253810e-02 8.2071121085666e-03
65.8000000000005 -1.2121277982859e-02 9.4275140492500e-03
65.9000000000005 -4.4006595525558e-03 1.0552545986891e-02
66.0000000000005 1.3963850747614e-03 1.1571555241686e-02
66.1000000000005 5.9347391921341e-03 1.2474949790559e-02
66.2000000000005 9.5809902429230e-03 1.3254288469721e-02
66.3000000000005 1.2552982570637e-02 1.3902359759186e-02
66.4000000000005 1.4987951480900e-02 1.4413248414420e-02
66.5000000000005 1.6976658943979e-02 1.4782389330092e-02
66.6000000000005 1.8581806837615e-02 1.5006608146347e-02
66.7000000000005 1.9848572592838e-02 1.5084148237993e-02
66.8000000000005 2.0810932787958e-02 1.5014683860028e-02
66.9000000000005 2.1495609401647e-02 1.4799319357961e-02
67.0000000000005 2.1924610984371e-02 1.4440574486853e-02
67.1000000000005 2.2116909447370e-02 1.3942356017802e-02
67.2000000000005 2.2089565913052e-02 1.3309915943305e-02
67.3000000000005 2.1858494050765e-02 1.2549796722260e-02
67.4000000000004 2.1438977890088e-02 1.1669764130173e-02
67.5000000000004 2.0846018916826e-02 1.0678728399065e-02
67.6000000000004 2.0094561605470e-02 9.5866544436384e-03
67.7000000000004 1.9199630536873e-02 8.4044620742626e-03
67.8000000000004 1.8176402031205e-02 7.1439171923790e-03
67.9000000000004 1.7040226565461e-02 5.8175150490397e-03
68.0000000000004 1.5806613820407e-02 4.4383567217172e-03
68.1000000000004 1.4491189211305e-02 3.0200200275389e-03
68.2000000000004 1.3109628701146e-02 1.5764261421272e-03
68.3000000000004 1.1677577258786e-02 1.2170323180334e-04
68.4000000000004 1.0210555303038e-02 -1.3299515673199e-03
68.5000000000004 8.7238567338329e-03 -2.7644104770749e-03
68.6000000000004 7.2324416035365e-03 -4.1677523658912e-03
68.7000000000004 5.7508260653610e-03 -5.5263976658928e-03
68.8000000000004 4.2929719101368e-03 -6.8272396123350e-03
68.9000000000004 2.8721777392055e-03 -8.0577705382732e-03
69.0000000000004 1.5009736000062e-03 -9.2062020085800e-03
69.1000000000003 1.9102071824338e-04 -1.0261577640347e-02
69.2000000000003 -1.0469822133067e-03 -1.1213877530692e-02
69.3000000000003 -2.2033848910250e-03 -1.2054113297281e-02
69.4000000000003 -3.2696622576205e-03 -1.2774412830658e-02
69.5000000000003 -4.2384813660105e-03 -1.3368093959758e-02
69.6000000000003 -5.1037574031427e-03 -1.3829726341826e-02
69.7000000000003 -5.8606981732445e-03 -1.4155181004220e-02
69.8000000000003 -6.5058364855796e-03 -1.4341667087137e-02
69.9000000000003 -7.0370500368408e-03 -1.4387755461953e-02
70.0000000000003 -7.4535685225742e-03 -1.4293389028395e-02
70.1000000000003 -7.7559678550360e-03 -1.4059879623875e-02
70.2000000000003 -7.9461515059572e-03 -1.3689891608810e-02
70.3000000000003 -8.0273191310465e-03 -1.3187412321262e-02
70.4000000000003 -8.0039227678111e-03 -1.2557709721598e-02
70.5000000000003 -7.8816110284999e-03 -1.1807277671788e-02
70.6000000000003 -7.6671618347182e-03 -1.0943769413258e-02
70.7000000000003 -7.3684043585985e-03 -9.9759199207564e-03
70.8000000000003 -6.9941309464207e-03 -8.9134579163462e-03
70.9000000000002 -6.5539999034057e-03 -7.7670084264281e-03
71.0000000000002 -6.0584301122696e-03 -6.5479868546447e-03
71.1000000000002 -5.5184885423160e-03 -5.2684856237872e-03
71.2000000000002 -4.9457717797656e-03 -3.9411545096444e-03
71.3000000000002 -4.3522827731955e-03 -2.5790758484624e-03
71.4000000000002 -3.7503040400416e-03 -1.1956358467537e-03
71.5000000000002 -3.1522686209120e-03 1.9560674280196e-04
71.6000000000002 -2.5706300979683e-03 1.5810532930190e-03
71.7000000000002 -2.0177330120204e-03 2.9471980250598e-03
71.8000000000002 -1.5056850206865e-03 4.2807594887371e-03
71.9000000000002 -1.0462321376772e-03 5.5688095217510e-03
72.0000000000002 -6.5063838198636e-04 6.7988984369917e-03
72.1000000000002 -3.2957114695016e-04 7.9591752268093e-03
72.2000000000002 -9.2993574712414e-05 9.0385016246315e-03
72.3000000000002 4.9934805777417e-05 1.0026558926968e-02
72.4000000000002 9.0947945960070e-05 1.0913946552046e-02
72.5000000000002 2.2752440307309e-05 1.1692271394317e-02
72.6000000000002 -1.6090521569892e-04 1.2354227126095e-02
72.7000000000001 -4.6518448367861e-04 1.2893662697577e-02
72.8000000000001 -8.9411101308777e-04 1.3305639393663e-02
72.9000000000001 -1.4505525983705e-03 1.3586475919071e-02
73.0000000000001 -2.1362123926310e-03 1.3733781101263e-02
73.1000000000001 -2.9516412033110e-03 1.3746473922427e-02
73.2000000000001 -3.8962711706640e-03 1.3624790716043e-02
73.3000000000001 -4.9684738793727e-03 1.3370279489109e-02
73.4000000000001 -6.1656471269167e-03 1.2985781456825e-02
73.5000000000001 -7.4843364113437e-03 1.2475400001022e-02
73.6000000000001 -8.9204001076916e-03 1.1844457385833e-02
73.7000000000001 -1.0469231960712e-02 1.1099439682758e-02
73.8000000000001 -1.2126062130837e-02 1.0247930471226e-02
73.9000000000001 -1.3886370758864e-02 9.2985339889577e-03
74.0000000000001 -1.5746469923909e-02 8.2607885077699e-03
74.1000000000001 -1.7704348872024e-02 7.1450708040311e-03
74.2000000000001 -1.9760949618445e-02 5.9624926778324e-03
74.3000000000001 -2.1922180094591e-02 4.7247905502902e-03
74.4000000000000 -2.4202258852458e-02 3.4442092335366e-03
74.5000000000000 -2.6629612214581e-02 2.1333810222586e-03
74.6000000000000 -2.9258027316613e-02 8.0520129861817e-04
74.7000000000000 -3.2189632335181e-02 -5.2729812637775e-04
74.8000000000000 -3.5627720388254e-02 -1.8510766927542e-03
74.9000000000000 -4.0017538966443e-02 -3.1532125433323e-03
75.0000000000000 -4.6512415261106e-02 -4.4210285031698e-03
75.1000000000000 -5.9193853520703e-02 -5.6422153597539e-03
75.2000000000000 -1.0971255470055e-01 -6.8049512462464e-03
75.3000000000000 8.2293589867686e-02 -7.8980159709340e-03
75.4000000000000 -4.4237171368231e-04 -8.9108991880875e-03
75.5000000000000 -1.5179790485535e-02 -9.8339013681612e-03
75.6000000000000 -2.1690647589276e-02 -1.0658226598015e-02
75.7000000000000 -2.5474628883201e-02 -1.1376066323906e-02
75.8000000000000 -2.7957293698200e-02 -1.1980673240525e-02
75.9000000000000 -2.9671011117661e-02 -1.2466424627472e-02
76.0000000000000 -3.0858861688483e-02 -1.2828874539276e-02
76.1000000000000 -3.1647510985197e-02 -1.3064794365350e-02
76.1999999999999 -3.2109822198587e-02 -1.3172201391009e-02
76.2999999999999 -3.2291371142285e-02 -1.3150375108793e-02
76.3999999999999 -3.2223009534727e-02 -1.2999861149618e-02
76.4999999999999 -3.1927341613891e-02 -1.2722462824543e-02
76.5999999999999 -3.1422285770520e-02 -1.2321220389079e-02
76.6999999999999 -3.0723131740462e-02 -1.1800378261654e-02
76.7999999999999 -2.9843771664803e-02 -1.1165340545105e-02
76.8999999999999 -2.8797452845167e-02 -1.0422615313552e-02
76.9999999999999 -2.7597240475207e-02 -9.5797482357996e-03
77.0999999999999 -2.6256297144618e-02 -8.6452462093209e-03
77.1999999999999 -2.4788042259388e-02 -7.6284917750149e-03
77.2999999999999 -2.3206230157432e-02 -6.5396491712735e-03
77.3999999999999 -2.1524971607107e-02 -5.3895629656950e-03
77.4999999999999 -1.9758714967995e-02 -4.1896502731993e-03
77.5999999999999 -1.7922198135783e-02 -2.9517876297150e-03
77.6999999999999 -1.6030379149527e-02 -1.6881936404287e-03
77.7999999999999 -1.4098351252119e-02 -4.1130856036281e-04
77.8999999999998 -1.2141246820997e-02 8.6632800759306e-04
77.9999999999998 -1.0174133661200e-02 2.1322000963496e-03
78.0999999999998 -8.2119065146235e-03 3.3739378352033e-03
78.1999999999998 -6.2691761861691e-03 4.5794381904094e-03
78.2999999999998 -4.3601583548002e-03 5.7369828083519e-03
78.3999999999998 -2.4985638834524e-03 6.8353518149336e-03
78.4999999999998 -6.9749223878457e-04 7.8639324669652e-03
78.5999999999998 1.0306705382751e-03 8.8128216041947e-03
78.6999999999998 2.6743480195073e-03 9.6729209136512e-03
78.7999999999998 4.2228625788333e-03 1.0436024090535e-02
78.8999999999998 5.6665165584650e-03 1.1094895061244e-02
78.9999999999998 6.9966645115824e-03 1.1643336523473e-02
79.0999999999998 8.2057757453010e-03 1.2076248154753e-02
79.1999999999998 9.2874865113058e-03 1.2389673943358e-02
79.2999999999998 1.0236641315412e-02 1.2580838203225e-02
79.3999999999998 1.1049322941583e-02 1.2648169946228e-02
79.4999999999998 1.1722870910383e-02 1.2591315399875e-02
79.5999999999998 1.2255888215970e-02 1.2411138574990e-02
79.6999999999997 1.2648236308968e-02 1.2109709905142e-02
79.7999999999997 1.2901018413988e-02 1.1690283096310e-02
79.8999999999997 1.3016551389534e-02 1.1157260440361e-02
79.9999999999997 1.2998326453432e-02 1.0516146958341e-02
80.0999999999997 1.2850959208019e-02 9.7734938480703e-03
80.1999999999997 1.2580129505029e-02 8.9368318142684e-03
80.2999999999997 1.2192511789706e-02 8.0145949571516e-03
80.3999999999997 1.1695696656109e-02 7.0160359864473e-03
80.4999999999997 1.1098104430199e-02 5.9511336109869e-03
80.5999999999997 1.0408891673258e-02 4.8304930287859e-03
80.6999999999997 9.6378515648967e-03 3.6652405080418e-03
80.7999999999997 8.7953091816963e-03 2.4669131051595e-03
80.8999999999997 7.8920127339741e-03 1.2473446112279e-03
80.9999999999997 6.9390218588097e-03 1.8548852903160e-05
81.0999999999997 5.9475940920595e-03 -1.2073985029204e-03
81.1999999999997 4.9290706554034e-03 -2.4184784791520e-03
81.2999999999997 3.8947626964370e-03 -3.6028464910387e-03
81.3999999999997 2.8558391104801e-03 -4.7489480696444e-03
81.4999999999996 1.8232170522307e-03 -5.8456314766470e-03
81.5999999999996 8.0745621392127e-04 -6.8822561137727e-03
81.6999999999996 -1.8134209543878e-04 -7.8487956738012e-03
81.7999999999996 -1.1336300873567e-03 -8.7359350339137e-03
81.8999999999996 -2.0405019271128e-03 -9.5351599556693e-03
81.9999999999996 -2.8937746131495e-03 -1.0238838728437e-02
82.0999999999996 -3.6860605317324e-03 -1.0840294973956e-02
82.1999999999996 -4.4108310023944e-03 -1.1333870918042e-02
82.2999999999996 -5.0624702225834e-03 -1.1714980530387e-02
82.3999999999996 -5.6363191184265e-03 -1.1980152034045e-02
82.4999999999996 -6.1287087116141e-03 -1.2127059391450e-02
82.5999999999996 -6.5369827190501e-03 -1.2154542482755e-02
82.6999999999996 -6.8595092110441e-03 -1.2062615803722e-02
82.7999999999996 -7.0956812643383e-03 -1.1852465623329e-02
82.8999999999996 -7.2459066570650e-03 -1.1526435654534e-02
82.9999999999996 -7.3115867627076e-03 -1.1088001404115e-02
83.0999999999996 -7.2950849081936e-03 -1.0541733478172e-02
83.1999999999995 -7.1996845663059e-03 -9.8932502275382e-03
83.2999999999995 -7.0295378536060e-03 -9.1491602210757e-03
83.3999999999995 -6.7896049010182e-03 -8.3169951334846e-03
83.4999999999995 -6.4855847541664e-03 -7.4051337270205e-03
83.5999999999995 -6.1238385435888e-03 -6.4227176923636e-03
83.6999999999995 -5.7113057402478e-03 -5.3795601920832e-03
83.7999999999995 -5.2554143785483e-03 -4.2860480198889e-03
83.8999999999995 -4.7639861867013e-03 -3.1530383495120e-03
83.9999999999995 -4.2451376121327e-03 -1.9917510980337e-03
84.0999999999995 -3.7071777672472e-03 -8.1365796928876e-04
84.1999999999995 -3.1585043478086e-03 3.6963072674473e-04
84.2999999999995 -2.6074985921903e-03 1.5464803631954e-03
84.3999999999995 -2.0624203545832e-03 2.7053462703275e-03
84.4999999999995 -1.5313043588066e-03 3.8348868730431e-03
84.5999999999995 -1.0218586816553e-03 4.9240745841017e-03
84.6999999999995 -5.4136648580455e-04 5.9623033696874e-03
84.7999999999995 -9.6591982366253e-05 6.9394919389164e-03
84.8999999999995 3.0630844750932e-04 7.8461815540536e-03
84.9999999999994 6.6186910373500e-04 8.6736275131282e-03
85.0999999999994 9.6539099404171e-04 9.4138834207518e-03
85.1999999999994 1.2130103201718e-03 1.0059877435592e-02
85.2999999999994 1.4017587973051e-03 1.0605479763419e-02
85.3999999999994 1.5296152792381e-03 1.1045560752124e-02
85.4999999999994 1.5955482688459e-03 1.1376039038674e-02
85.5999999999994 1.5995490082655e-03 1.1593919296838e-02
85.6999999999994 1.5426549657823e-03 1.1697319237468e-02
85.7999999999994 1.4269636664517e-03 1.1685485619417e-02
85.8999999999994 1.2556369511595e-03 1.1558799137522e-02
85.9999999999994 1.0328958945454e-03 1.1318768163555e-02
86.0999999999994 7.6400676685325e-04 1.0968011425546e-02
86.1999999999994 4.5525858979810e-04 1.0510229819261e-02
86.2999999999994 1.1393301424112e-04 9.9501676519557e-03
86.3999999999994 -2.5173255875959e-04 9.2935637215906e-03
86.4999999999994 -6.3258747717867e-04 8.5470927337005e-03
86.5999999999994 -1.0186145783999e-03 7.7182976518935e-03
86.6999999999993 -1.3989795108792e-03 6.8155136657437e-03
86.7999999999993 -1.7620806445967e-03 5.8477845407201e-03
86.8999999999993 -2.0955971735342e-03 4.8247721879997e-03
86.9999999999993 -2.3865325096295e-03 3.7566603568448e-03
87.0999999999993 -2.6212494246237e-03 2.6540534080550e-03
87.1999999999993 -2.7854925569222e-03 1.5278711733170e-03
87.2999999999993 -2.8643927823823e-03 3.8924094161477e-04
87.3999999999993 -2.8424464296713e-03 -7.5061236008475e-04
87.4999999999993 -2.7034602226091e-03 -1.8804767091460e-03
87.5999999999993 -2.4304498827852e-03 -2.9892631650030e-03
87.6999999999993 -2.0054761112707e-03 -4.0661146005899e-03
87.7999999999993 -1.4093955434674e-03 -5.1005119221854e-03
87.8999999999993 -6.2149521346681e-04 -6.0823767392759e-03
87.9999999999993 3.8103458118286e-04 -7.0021694830736e-03
88.0999999999993 1.6238550957696e-03 -7.8509820191088e-03
88.1999999999993 3.1365606637105e-03 -8.6206238553927e-03
88.2999999999993 4.9542389828840e-03 -9.3037011124229e-03
88.3999999999993 7.1197498844374e-03 -9.8936874941497e-03
88.4999999999992 9.6871117172813e-03 -1.0384986579186e-02
88.5999999999992 1.2726648015846e-02 -1.0772984838239e-02
88.6999999999992 1.6333030559990e-02 -1.1054094876093e-02
88.7999999999992 2.0638282939582e-02 -1.1225788493573e-02
88.8999999999992 2.5833687129446e-02 -1.1286619265784e-02
88.9999999999992 3.2208584549356e-02 -1.1236234436584e-02
89.0999999999992 4.0223479863659e-02 -1.1075376034654e-02
89.1999999999992 5.0658912921045e-02 -1.0805871222669e-02
89.2999999999992 6.4950833044395e-02 -1.0430611996844e-02
89.3999999999992 8.6057016167739e-02 -9.9535244586064e-03
89.4999999999992 1.2118737632556e-01 -9.3795279821638e-03
89.5999999999992 1.9369148035938e-01 -8.7144847003987e-03
89.6999999999992 4.4535345083421e-01 -7.9651398258444e-03
89.7999999999992 -1.6691458238341e+00 -7.1390534125231e-03
89.8999999999992 -2.8834990495274e-01 -6.2445242473446e-03
89.9999999999992 -1.5464060654946e-01 -5.2905066357322e-03
90.0999999999992 -1.0288310849748e-01 -4.2865209144504e-03
90.1999999999992 -7.4689437393184e-02 -3.2425585845865e-03
90.2999999999991 -5.6500620771113e-02 -2.1689830087218e-03
90.3999999999991 -4.3498832913552e-02 -1.0764266580274e-03
90.4999999999991 -3.3546468590762e-02 2.4314073054605e-05
90.5999999999991 -2.5553971910513e-02 1.1223854450253e-03
90.6999999999991 -1.8910767043236e-02 2.2069832933282e-03
90.7999999999991 -1.3250503580768e-02 3.2674592377837e-03
90.8999999999991 -8.3418781694499e-03 4.2934251382253e-03
90.9999999999991 -4.0330482343046e-03 5.2748547724539e-03
91.0999999999991 -2.2124443952860e-04 6.2021817420128e-03
91.1999999999991 3.1648271311575e-03 7.0663926503857e-03
91.2999999999991 6.1756753070123e-03 7.8591146466416e-03
91.3999999999991 8.8477856761396e-03 8.5726964847975e-03
91.4999999999991 1.1208047908753e-02 9.2002823146523e-03
91.5999999999991 1.3276742018935e-02 9.7358774929202e-03
91.6999999999991 1.5069604737526e-02 1.0174405783411e-02
91.7999999999991 1.6599290704111e-02 1.0511757400976e-02
91.8999999999991 1.7876424369308e-02 1.0744827445105e-02
91.9999999999990 1.8910367869912e-02 1.0871544364509e-02
92.0999999999990 1.9709786938932e-02 1.0890888192826e-02
92.1999999999990 2.0283069811974e-02 1.0802898396720e-02
92.2999999999990 2.0638636704622e-02 1.0608671280192e-02
92.3999999999990 2.0785166055977e-02 1.0310346991761e-02
92.4999999999990 2.0731756152859e-02 9.9110862833946e-03
92.5999999999990 2.0488035619446e-02 9.4150372706223e-03
92.6999999999990 2.0064232737835e-02 8.8272925411273e-03
92.7999999999990 1.9471211121085e-02 8.1538370534294e-03
92.8999999999990 1.8720477545262e-02 7.4014873570061e-03
92.9999999999990 1.7824166532122e-02 6.5778227495560e-03
93.0999999999990 1.6795005406306e-02 5.6911090652400e-03
93.1999999999990 1.5646262926213e-02 4.7502158588816e-03
93.2999999999990 1.4391684134236e-02 3.7645278145941e-03
93.3999999999990 1.3045413739803e-02 2.7438512625071e-03
93.4999999999990 1.1621910102223e-02 1.6983167336721e-03
93.5999999999990 1.0135851694383e-02 6.3827852038565e-04
93.6999999999990 8.6020377847720e-03 -4.2578776325923e-04
93.7999999999989 7.0352849607702e-03 -1.4833886080581e-03
93.8999999999989 5.4503210209959e-03 -2.5241160033528e-03
93.9999999999989 3.8616776816821e-03 -3.5377497797294e-03
94.0999999999989 2.2835834662692e-03 -4.5143578951666e-03
94.1999999999989 7.2985807489782e-04 -5.4443936812659e-03
94.2999999999989 -7.8619054151446e-04 -6.3187890980449e-03
94.3999999999989 -2.2518652513819e-03 -7.1290430869400e-03
94.4999999999989 -3.6551738817370e-03 -7.8673041617020e-03
94.5999999999989 -4.9849174315385e-03 -8.5264464352830e-03
94.6999999999989 -6.2307714477773e-03 -9.1001383470102e-03
94.7999999999989 -7.3833597413283e-03 -9.5829034276501e-03
94.8999999999989 -8.4343197118241e-03 -9.9701725196616e-03
94.9999999999989 -9.3763586470066e-03 -1.0258326955208e-02
95.0999999999989 -1.0203300461618e-02 -1.0444732284509e-02
95.1999999999989 -1.0910122443324e-02 -1.0527762240963e-02
95.2999999999989 -1.1492981677777e-02 -1.0506812726219e-02
95.3999999999989 -1.1949230930889e-02 -1.0382305697093e-02
95.4999999999988 -1.2277423873033e-02 -1.0155682935894e-02
95.5999999999988 -1.2477309636132e-02 -9.8293897853995e-03
95.6999999999988 -1.2549816799835e-02 -9.4068490284029e-03
95.7999999999988 -1.2497027006017e-02 -8.8924251884681e-03
95.8999999999988 -1.2322138501086e-02 -8.2913796223482e-03
95.9999999999988 -1.2029420001886e-02 -7.6098168645041e-03
96.0999999999988 -1.1624155372722e-02 -6.8546227694380e-03
96.1999999999988 -1.1112579687257e-02 -6.0333950773042e-03
96.2999999999988 -1.0501807329001e-02 -5.1543671016848e-03
96.3999999999988 -9.7997528571955e-03 -4.2263253048314e-03
96.4999999999988 -9.0150454303378e-03 -3.2585215844153e-03
96.5999999999988 -8.1569376369003e-03 -2.2605811463469e-03
96.6999999999988 -7.2352096314576e-03 -1.2424068800304e-03
96.7999999999988 -6.2600695140158e-03 -2.1408118512405e-04
96.8999999999988 -5.2420509205396e-03 8.1423377783845e-04
96.9999999999988 -4.1919088132497e-03 1.8323964269364e-03
97.0999999999988 -3.1205144700715e-03 2.8303856985070e-03
97.1999999999988 -2.0387506736179e-03 3.7983996028228e-03
97.2999999999987 -9.5740809132446e-04 4.7269514271927e-03
97.3999999999987 1.1291618003140e-04 5.6069626429093e-03
97.4999999999987 1.1619169599684e-03 6.4298516067401e-03
97.5999999999987 2.1796753114763e-03 7.1876171908367e-03
97.6999999999987 3.1567479865945e-03 7.8729165265598e-03
97.7999999999987 4.0842511809123e-03 8.4791361072714e-03
97.8999999999987 4.9539378487414e-03 9.0004555620298e-03
97.9999999999987 5.7582678988924e-03 9.4319034856560e-03
98.0999999999987 6.4904706654079e-03 9.7694047900967e-03
98.1999999999987 7.1445991274874e-03 1.0009819126585e-02
98.2999999999987 7.7155754373918e-03 1.0150970016960e-02
98.3999999999987 8.1992274034498e-03 1.0191664424773e-02
98.4999999999987 8.5923156665423e-03 1.0131702591523e-02
98.5999999999987 8.8925514016750e-03 9.9718780596878e-03
98.6999999999987 9.0986044705461e-03 9.7139679010601e-03
98.7999999999987 9.2101020454335e-03 9.3607132654278e-03
98.8999999999987 9.2276178183244e-03 8.9157904598473e-03
98.9999999999986 9.1526520010777e-03 8.3837728616954e-03
99.0999999999986 8.9876024116335e-03 7.7700840584895e-03
99.1999999999986 8.7357270270001e-03 7.0809426932143e-03
99.2999999999986 8.4010984651253e-03 6.3232995747669e-03
99.3999999999986 7.9885509340016e-03 5.5047676883416e-03
99.4999999999986 7.5036202567481e-03 4.6335458093884e-03
99.5999999999986 6.9524776452643e-03 3.7183364865248e-03
99.6999999999986 6.3418579517857e-03 2.7682592128725e-03
99.7999999999986 5.6789831767347e-03 1.7927596511987e-03
99.8999999999986 4.9714820522257e-03 8.0151581553865e-04
99.9999999999986 4.2273065530641e-03 -1.9565785969940e-04
