# omega0=1, alpha=1.7
# theta0=0.1, theta_dot0=0
# t_start=0, t_end=50, h=0.00911928
#   t          x(t)                 v(t)       
0  1.000000000000000e-01  0.000000000000000e+00
9.119282013323059e-02 9.960580035972377e-02 -8.421872685884464e-03
1.823856402664613e-01 9.850268665910067e-02 -1.556977816153332e-02
2.735784603996920e-01 9.680091565241944e-02 -2.157190155360596e-02
3.647712805329227e-01 9.459949815852725e-02 -2.654677716587888e-02
4.559641006661534e-01 9.198705748638888e-02 -3.060376494019495e-02
5.471569207993838e-01 8.904264412400037e-02 -3.384353213851017e-02
6.383497409326140e-01 8.583650648811711e-02 -3.635853444963291e-02
7.295425610658441e-01 8.243081800730921e-02 -3.823349187350895e-02
8.207353811990743e-01 7.888036118812011e-02 -3.954585572978817e-02
9.119282013323045e-01 7.523316960790806e-02 -4.036626397496982e-02
1.003121021465535e+00 7.153112900211768e-02 -4.075898270451903e-02
1.094313841598765e+00 6.781053878079128e-02 -4.078233227972123e-02
1.185506661731995e+00 6.410263542997162e-02 -4.048909697251490e-02
1.276699481865225e+00 6.043407933743769e-02 -3.992691738368835e-02
1.367892301998455e+00 5.682740663648866e-02 -3.913866517765332e-02
1.459085122131685e+00 5.330144769233517e-02 -3.816279990533483e-02
1.550277942264916e+00 4.987171386790948e-02 -3.703370786798536e-02
1.641470762398146e+00 4.655075420338087e-02 -3.578202311907446e-02
1.732663582531376e+00 4.334848362934463e-02 -3.443493081687594e-02
1.823856402664606e+00 4.027248430987781e-02 -3.301645323323626e-02
1.915049222797836e+00 3.732828168025477e-02 -3.154771879903676e-02
2.006242042931067e+00 3.451959670654790e-02 -3.004721462765040e-02
2.097434863064297e+00 3.184857585177093e-02 -2.853102300690310e-02
2.188627683197527e+00 2.931600018661959e-02 -2.701304238964557e-02
2.279820503330757e+00 2.692147503303156e-02 -2.550519344447010e-02
2.371013323463987e+00 2.466360147641963e-02 -2.401761075244803e-02
2.462206143597217e+00 2.254013102813511e-02 -2.255882075384118e-02
2.553398963730448e+00 2.054810466403324e-02 -2.113590656120743e-02
2.644591783863678e+00 1.868397740842543e-02 -1.975466026272128e-02
2.735784603996908e+00 1.694372957565392e-02 -1.841972334233832e-02
2.826977424130138e+00 1.532296572441151e-02 -1.713471584208647e-02
2.918170244263368e+00 1.381700232311323e-02 -1.590235488667540e-02
3.009363064396598e+00 1.242094506843040e-02 -1.472456318218044e-02
3.100555884529828e+00 1.112975674380825e-02 -1.360256808916217e-02
3.191748704663059e+00 9.938316450658612e-03 -1.253699185660903e-02
3.282941524796289e+00 8.841470992167571e-03 -1.152793358690024e-02
3.374134344929519e+00 7.834079138470498e-03 -1.057504348393452e-02
3.465327165062749e+00 6.911049452477294e-03 -9.677589916989859e-03
3.556519985195979e+00 6.067372308004823e-03 -8.834519812085972e-03
3.647712805329209e+00 5.298146686187577e-03 -8.044512860908768e-03
3.738905625462440e+00 4.598602292463460e-03 -7.306030014992973e-03
3.830098445595670e+00 3.964117494816935e-03 -6.617356710092179e-03
3.921291265728900e+00 3.390233544433305e-03 -5.976641242714202e-03
4.012484085862130e+00 2.872665502483256e-03 -5.381928697860146e-03
4.103676905995361e+00 2.407310261406990e-03 -4.831190804249300e-03
4.194869726128591e+00 1.990252015778510e-03 -4.322352070887459e-03
4.286062546261821e+00 1.617765506566870e-03 -3.853312536869997e-03
4.377255366395051e+00 1.286317333325592e-03 -3.421967444909011e-03
4.468448186528281e+00 9.925656014784403e-04 -3.026224128323349e-03
4.559641006661511e+00 7.333581463666040e-04 -2.664016381201343e-03
4.650833826794742e+00 5.057295520106902e-04 -2.333316562192750e-03
4.742026646927972e+00 3.068971605480833e-04 -2.032145663949405e-03
4.833219467061202e+00 1.342562479563699e-04 -1.758581562641410e-03
4.924412287194432e+00 -1.462547711118174e-05 -1.510765645244335e-03
5.015605107327662e+00 -1.420139118506367e-04 -1.286907996430881e-03
5.106797927460892e+00 -2.500150115571365e-04 -1.085291311907086e-03
5.197990747594122e+00 -3.405815465273418e-04 -9.042736909010871e-04
5.289183567727353e+00 -4.155200678563400e-04 -7.422904472284169e-04
5.380376387860583e+00 -4.764979985111482e-04 -5.978550659035381e-04
5.471569207993813e+00 -5.250507771045786e-04 -4.695594206206370e-04
5.562762028127043e+00 -5.625889918086362e-04 -3.560733565620797e-04
5.653954848260273e+00 -5.904054509058548e-04 -2.561437328824414e-04
5.745147668393503e+00 -6.096821446474562e-04 -1.685930098296606e-04
5.836340488526734e+00 -6.214970604335693e-04 -9.231745677134895e-05
5.927533308659964e+00 -6.268308199146679e-04 -2.628504936131983e-05
6.018726128793194e+00 -6.265731124936397e-04 3.046688332379200e-05
6.109918948926424e+00 -6.215289049402229e-04 7.883420765834794e-05
6.201111769059654e+00 -6.124244114666803e-04 1.196486825809542e-04
6.292304589192884e+00 -5.999128127052848e-04 1.536807628951808e-04
6.383497409326115e+00 -5.845797156212791e-04 1.816424719273511e-04
6.474690229459345e+00 -5.669483495333971e-04 2.041903114662831e-04
6.565883049592575e+00 -5.474844961388985e-04 2.219281812291958e-04
6.657075869725805e+00 -5.266011537898202e-04 2.354102840107044e-04
6.748268689859035e+00 -5.046629382775321e-04 2.451439962061914e-04
6.839461509992265e+00 -4.819902240869927e-04 2.515926865839693e-04
6.930654330125495e+00 -4.588630315111409e-04 2.551784690384786e-04
7.021847150258726e+00 -4.355246661981866e-04 2.562848776140109e-04
7.113039970391956e+00 -4.121851186664921e-04 2.552594543685898e-04
7.204232790525186e+00 -3.890242320875111e-04 2.524162426729225e-04
7.295425610658416e+00 -3.661946472291691e-04 2.480381803307709e-04
7.386618430791646e+00 -3.438245338905075e-04 2.423793884844634e-04
7.477811250924876e+00 -3.220201184620713e-04 2.356673536511906e-04
7.569004071058107e+00 -3.008680174323936e-04 2.281050014396214e-04
7.660196891191337e+00 -2.804373867445138e-04 2.198726615385448e-04
7.751389711324567e+00 -2.607818969018020e-04 2.111299244648887e-04
7.842582531457797e+00 -2.419415436421641e-04 2.020173913217362e-04
7.933775351591027e+00 -2.239443038554290e-04 1.926583184609939e-04
8.024968171724257e+00 -2.068076462206878e-04 1.831601594823201e-04
8.116160991857488e+00 -1.905399057978084e-04 1.736160074410498e-04
8.207353811990718e+00 -1.751415315285464e-04 1.641059404935136e-04
8.298546632123948e+00 -1.606062152949694e-04 1.546982744878840e-04
8.389739452257178e+00 -1.469219108528255e-04 1.454507262212335e-04
8.480932272390408e+00 -1.340717506107688e-04 1.364114912368821e-04
8.572125092523638e+00 -1.220348678680733e-04 1.276202401376450e-04
8.663317912656868e+00 -1.107871317580277e-04 1.191090374469448e-04
8.754510732790099e+00 -1.003018017754575e-04 1.109031870669700e-04
8.845703552923329e+00 -9.055010839807668e-05 1.030220083666386e-04
8.936896373056559e+00 -8.150176594547072e-05 9.547954688701361e-05
9.028089193189789e+00 -7.312542345885796e-05 8.828522358248721e-05
9.119282013323019e+00 -6.538905903140076e-05 8.144442642651281e-05
9.210474833456249e+00 -5.826032267440470e-05 7.495904810450950e-05
9.301667653589480e+00 -5.170683247062975e-05 6.882797339699672e-05
9.392860473722710e+00 -4.569642844322777e-05 6.304751972588312e-05
9.484053293855940e+00 -4.019738825836274e-05 5.761183419865298e-05
9.575246113989170e+00 -3.517860858199533e-05 5.251325034118585e-05
9.666438934122400e+00 -3.060975562706214e-05 4.774260756205395e-05
9.757631754255630e+00 -2.646138815662586e-05 4.328953624106561e-05
9.848824574388860e+00 -2.270505595164908e-05 3.914271118402928e-05
9.940017394522091e+00 -1.931337650885448e-05 3.529007603546584e-05
1.003121021465532e+01 -1.626009250458029e-05 3.171904109237543e-05
1.012240303478855e+01 -1.352011234442950e-05 2.841665681607876e-05
1.021359585492178e+01 -1.106953591557761e-05 2.536976519636333e-05
1.030478867505501e+01 -8.885667468517340e-06 2.256513098329685e-05
1.039598149518824e+01 -6.947017377397456e-06 1.998955466763068e-05
1.048717431532147e+01 -5.233294362533888e-06 1.762996896110288e-05
1.057836713545470e+01 -3.725389604680429e-06 1.547352040346907e-05
1.066955995558793e+01 -2.405354037764387e-06 1.350763760396084e-05
1.076075277572116e+01 -1.256369974524424e-06 1.172008751124404e-05
1.085194559585439e+01 -2.627180973272632e-07 1.009902099790804e-05
1.094313841598762e+01 5.902592661238321e-07 8.633008943091224e-06
1.103433123612085e+01 1.316197765954885e-06 7.311069900019471e-06
1.112552405625408e+01 1.927752830829381e-06 6.122690343945529e-06
1.121671687638731e+01 2.436643011693111e-06 5.057838410134119e-06
1.130790969652054e+01 2.853694313291785e-06 4.106971951020110e-06
1.139910251665377e+01 3.188885030334147e-06 3.261041666329560e-06
1.149029533678700e+01 3.451390670669636e-06 2.511489989632231e-06
1.158148815692023e+01 3.649628607155204e-06 1.850246349310207e-06
1.167268097705346e+01 3.791302153433136e-06 1.269719361089930e-06
1.176387379718669e+01 3.883443807045371e-06 7.627864528953622e-07
1.185506661731992e+01 3.932457446566137e-06 3.227813706334729e-07
1.194625943745315e+01 3.944159308121311e-06 -5.652003458811418e-08
1.203745225758638e+01 3.923817601138061e-06 -3.809153815967497e-07
1.212864507771961e+01 3.876190653771523e-06 -6.557923810968704e-07
1.221983789785284e+01 3.805563505506993e-06 -8.861462261284727e-07
1.231103071798607e+01 3.715782888238015e-06 -1.076597506800468e-06
1.240222353811930e+01 3.610290557956440e-06 -1.231410436096627e-06
1.249341635825254e+01 3.492154957325490e-06 -1.354511201774801e-06
1.258460917838577e+01 3.364101205089387e-06 -1.449506284974035e-06
1.267580199851900e+01 3.228539421734594e-06 -1.519700609289591e-06
1.276699481865223e+01 3.087591412273597e-06 -1.568115404946244e-06
1.285818763878546e+01 2.943115736672148e-06 -1.597505691461515e-06
1.294938045891869e+01 2.796731206470154e-06 -1.610377299001269e-06
1.304057327905192e+01 2.649838852725764e-06 -1.609003363640972e-06
1.313176609918515e+01 2.503642415699363e-06 -1.595440245099821e-06
1.322295891931838e+01 2.359167410833881e-06 -1.571542827347120e-06
1.331415173945161e+01 2.217278828713086e-06 -1.538979172918041e-06
1.340534455958484e+01 2.078697528911894e-06 -1.499244510939253e-06
1.349653737971807e+01 1.944015389103293e-06 -1.453674546866272e-06
1.358773019985130e+01 1.813709271556329e-06 -1.403458088879039e-06
1.367892301998453e+01 1.688153869340559e-06 -1.349648991868493e-06
1.377011584011776e+01 1.567633494227633e-06 -1.293177425066297e-06
1.386130866025099e+01 1.452352867525353e-06 -1.234860473707482e-06
1.395250148038422e+01 1.342446973961273e-06 -1.175412088750512e-06
1.404369430051745e+01 1.237990037312478e-06 -1.115452401684012e-06
1.413488712065068e+01 1.139003674809803e-06 -1.055516423891582e-06
1.422607994078391e+01 1.045464285477036e-06 -9.960621519876975e-07
1.431727276091714e+01 9.573097255414329e-07 -9.374781020355326e-07
1.440846558105037e+01 8.744453219093583e-07 -8.800902966640025e-07
1.449965840118360e+01 7.967492724734332e-07 -8.241687298639070e-07
1.459085122131683e+01 7.240774797346242e-07 -7.699333347054251e-07
1.468204404145006e+01 6.562678619097562e-07 -7.175594794208229e-07
1.477323686158329e+01 5.931441833741151e-07 -6.671830172730428e-07
1.486442968171652e+01 5.345194439791044e-07 -6.189049154152769e-07
1.495562250184975e+01 4.801988645025283e-07 -5.727954875679821e-07
1.504681532198298e+01 4.299825032476284e-07 -5.288982548244129e-07
1.513800814211621e+01 3.836675366178915e-07 -4.872334582672205e-07
1.522920096224944e+01 3.410502343671954e-07 -4.478012463580911e-07
1.532039378238267e+01 3.019276581666026e-07 -4.105845592685336e-07
1.541158660251590e+01 2.660991101459424e-07 -3.755517314694148e-07
1.550277942264913e+01 2.333673561647421e-07 -3.426588330043597e-07
1.559397224278236e+01 2.035396467462805e-07 -3.118517689505869e-07
1.568516506291559e+01 1.764285568726947e-07 -2.830681556313976e-07
1.577635788304882e+01 1.518526641893090e-07 -2.562389911971753e-07
1.586755070318205e+01 1.296370836030374e-07 -2.312901372448193e-07
1.595874352331528e+01 1.096138747824438e-07 -2.081436272062634e-07
1.604993634344851e+01 9.162233767484436e-08 -1.867188163112456e-07
1.614112916358174e+01 7.550920984721077e-08 -1.669333870229457e-07
1.623232198371497e+01 6.112877823064458e-08 -1.487042229617487e-07
1.632351480384820e+01 4.834291670057356e-08 -1.319481634757002e-07
1.641470762398143e+01 3.702105985399831e-08 -1.165826501889555e-07
1.650590044411466e+01 2.704012234831216e-08 -1.025262760638286e-07
1.659709326424789e+01 1.828437224047097e-08 -8.969924674951886e-08
1.668828608438112e+01 1.064526590752479e-08 -7.802376326233287e-08
1.677947890451435e+01 4.021251336580316e-09 -6.742433434891270e-08
1.687067172464758e+01 -1.682454159062551e-09 -5.782802622595102e-08
1.696186454478081e+01 -6.554106413783566e-09 -4.916465676711383e-08
1.705305736491404e+01 -1.067569230744333e-08 -4.136694062013356e-08
1.714425018504727e+01 -1.412319888674468e-08 -3.437059118377743e-08
1.723544300518050e+01 -1.696689002659384e-08 -2.811438485494173e-08
1.732663582531373e+01 -1.927158741884691e-08 -2.254019246961830e-08
1.741782864544696e+01 -2.109695310387354e-08 -1.759298240693569e-08
1.750902146558019e+01 -2.249777114838041e-08 -1.322079940180654e-08
1.760021428571342e+01 -2.352422642367576e-08 -9.374722717740042e-09
1.769140710584665e+01 -2.422217875467516e-08 -6.008806965873385e-09
1.778259992597988e+01 -2.463343099398522e-08 -3.080008517964262e-09
1.787379274611311e+01 -2.479598982977842e-08 -5.481001486660825e-10
1.796498556624634e+01 -2.474431836318783e-08 1.624423745433353e-09
1.805617838637957e+01 -2.450957969278866e-08 3.472449267105216e-09
1.814737120651280e+01 -2.411987092245488e-08 5.028350639815932e-09
1.823856402664603e+01 -2.360044716642874e-08 6.322101710758056e-09
1.832975684677927e+01 -2.297393526364492e-08 7.381389919753926e-09
1.842094966691250e+01 -2.226053703392536e-08 8.231731502551674e-09
1.851214248704573e+01 -2.147822201320754e-08 8.896586864381731e-09
1.860333530717896e+01 -2.064290969498602e-08 9.397475211149714e-09
1.869452812731219e+01 -1.976864138202726e-08 9.754087662417268e-09
1.878572094744542e+01 -1.886774181745679e-08 9.984398193428442e-09
1.887691376757865e+01 -1.795097081871396e-08 1.010477186389117e-08
1.896810658771188e+01 -1.702766518273466e-08 1.013006988998824e-08
1.905929940784511e+01 -1.610587116707743e-08 1.007375120408774e-08
1.915049222797834e+01 -1.519246788049742e-08 9.947970224718826e-09
1.924168504811157e+01 -1.429328193855989e-08 9.763670628394668e-09
1.933287786824480e+01 -1.341319375606253e-08 9.530674975573982e-09
1.942407068837803e+01 -1.255623585902857e-08 9.257770096180549e-09
1.951526350851126e+01 -1.172568360550003e-08 8.952788186326620e-09
1.960645632864449e+01 -1.092413870690236e-08 8.622683607846409e-09
1.969764914877772e+01 -1.015360594091333e-08 8.273605416532048e-09
1.978884196891095e+01 -9.415563443040778e-09 7.910965674127471e-09
1.988003478904418e+01 -8.711026957940642e-09 7.539503623686966e-09
1.997122760917741e+01 -8.040608423286775e-09 7.163345828317628e-09
2.006242042931064e+01 -7.404569249094266e-09 6.786062390036204e-09
2.015361324944387e+01 -6.802868644118045e-09 6.410719378883555e-09
2.024480606957710e+01 -6.235207328581242e-09 6.039927612924565e-09
2.033599888971033e+01 -5.701066959285164e-09 5.675887937657734e-09
2.042719170984356e+01 -5.199745579335959e-09 5.320433158977729e-09
2.051838452997679e+01 -4.730389390486818e-09 4.975066787459569e-09
2.060957735011002e+01 -4.292021131608789e-09 4.640998753623420e-09
2.070077017024325e+01 -3.883565332215156e-09 4.319178254228684e-09
2.079196299037648e+01 -3.503870695400965e-09 4.010323888747688e-09
2.088315581050971e+01 -3.151729850129257e-09 3.714951243174795e-09
2.097434863064294e+01 -2.825896698590680e-09 3.433398075408834e-09
2.106554145077617e+01 -2.525101570460569e-09 3.165847252760526e-09
2.115673427090940e+01 -2.248064382340854e-09 2.912347587820729e-09
2.124792709104263e+01 -1.993505987554915e-09 2.672832714103529e-09
2.133911991117586e+01 -1.760157888802907e-09 2.447138137660212e-09
2.143031273130909e+01 -1.546770474014545e-09 2.235016595343028e-09
2.152150555144232e+01 -1.352119924079394e-09 2.036151844666870e-09
2.161269837157555e+01 -1.175013930007126e-09 1.850171004347280e-09
2.170389119170878e+01 -1.014296346481840e-09 1.676655558649757e-09
2.179508401184201e+01 -8.688508987292190e-10 1.515151132724476e-09
2.188627683197524e+01 -7.376040501126584e-10 1.365176140170668e-09
2.197746965210847e+01 -6.195271289094497e-10 1.226229398217167e-09
2.206866247224170e+01 -5.136378042827451e-10 1.097796800154899e-09
2.215985529237493e+01 -4.190009935480094e-10 9.793571290420629e-10
2.225104811250816e+01 -3.347292754206232e-10 8.703870912473726e-10
2.234224093264139e+01 -2.599828770087263e-10 7.703656431199259e-10
2.243343375277462e+01 -1.939692958652961e-10 6.787776789910718e-10
2.252462657290785e+01 -1.359426124176319e-10 5.951171438353925e-10
2.261581939304108e+01 -8.520254253180702e-11 5.188896292527103e-10
2.270701221317431e+01 -4.109327482452942e-11 4.496145069861790e-10
2.279820503330754e+01 -3.002132585194601e-12 3.868266499659440e-10
2.288939785344077e+01 2.964190420353926e-11 3.300777868642470e-10
2.298059067357400e+01 5.736978527775493e-11 2.789375323652054e-10
2.307178349370723e+01 8.067405715242700e-11 2.329941317881747e-10
2.316297631384046e+01 1.000105864145230e-10 1.918549553536931e-10
2.325416913397369e+01 1.158003179071964e-10 1.551467742405169e-10
2.334536195410692e+01 1.284310492594882e-10 1.225158476452748e-10
2.343655477424015e+01 1.382592057534264e-10 9.362784731618903e-11
2.352774759437338e+01 1.456116018167215e-10 6.816764348194721e-11
2.361894041450661e+01 1.507871775013442e-10 4.583897372854680e-11
2.371013323463984e+01 1.540587001724028e-10 2.636401418285873e-11
2.380132605477307e+01 1.556744233034135e-10 9.482870333638809e-12
2.389251887490630e+01 1.558596957680540e-10 -5.046997049475659e-12
2.398371169503953e+01 1.548185163488191e-10 -1.745139715908234e-11
2.407490451517276e+01 1.527350293629263e-10 -2.794007339465183e-11
2.416609733530600e+01 1.497749583478551e-10 -3.670739589421849e-11
2.425729015543923e+01 1.460869756648387e-10 -4.393307295958465e-11
2.434848297557246e+01 1.418040066795071e-10 -4.978287318504612e-11
2.443967579570569e+01 1.370444678750737e-10 -5.440935119340114e-11
2.453086861583892e+01 1.319134388546304e-10 -5.795257087431687e-11
2.462206143597215e+01 1.265037687042922e-10 -6.054082091607488e-11
2.471325425610538e+01 1.208971176264915e-10 -6.229131822909828e-11
2.480444707623861e+01 1.151649351204459e-10 -6.331089558498306e-11
2.489563989637184e+01 1.093693762919047e-10 -6.369667044421399e-11
2.498683271650507e+01 1.035641581233730e-10 -6.353669252523619e-11
2.507802553663830e+01 9.779535773523336e-11 -6.291056818266660e-11
2.516921835677153e+01 9.210215482316840e-11 -6.189006011843948e-11
2.526041117690476e+01 8.651752057318797e-11 -6.053966135157016e-11
2.535160399703799e+01 8.106885543710619e-11 -5.891714272466515e-11
2.544279681717122e+01 7.577857820280114e-11 -5.707407353269426e-11
2.553398963730445e+01 7.066466881894282e-11 -5.505631512597487e-11
2.562518245743768e+01 6.574116743665222e-11 -5.290448756863134e-11
2.571637527757091e+01 6.101863211397618e-11 -5.065440962954707e-11
2.580756809770414e+01 5.650455759603558e-11 -4.833751254833821e-11
2.589876091783737e+01 5.220375753684663e-11 -4.598122815721254e-11
2.598995373797060e+01 4.811871247047131e-11 -4.360935205357512e-11
2.608114655810383e+01 4.424988577142374e-11 -4.124238261051900e-11
2.617233937823706e+01 4.059600976901273e-11 -3.889783668530556e-11
2.626353219837029e+01 3.715434409919632e-11 -3.659054294180469e-11
2.635472501850352e+01 3.392090829202661e-11 -3.433291374365734e-11
2.644591783863675e+01 3.089069050416279e-11 -3.213519660249081e-11
2.653711065876998e+01 2.805783421535349e-11 -3.000570618154925e-11
2.662830347890321e+01 2.541580461621851e-11 -2.795103786113008e-11
2.671949629903644e+01 2.295753632294160e-11 -2.597626386963244e-11
2.681068911916967e+01 2.067556396334792e-11 -2.408511297408224e-11
2.690188193930290e+01 1.856213708890036e-11 -2.228013470783449e-11
2.699307475943613e+01 1.660932077892785e-11 -2.056284909178338e-11
2.708426757956936e+01 1.480908321732932e-11 -1.893388277974798e-11
2.717546039970259e+01 1.315337143843169e-11 -1.739309252955925e-11
2.726665321983582e+01 1.163417635790377e-11 -1.593967686947719e-11
2.735784603996905e+01 1.024358812686095e-11 -1.457227679555574e-11
2.744903886010228e+01 8.973842772704818e-12 -1.328906630001347e-11
2.754023168023551e+01 7.817361018945424e-12 -1.208783349405658e-11
2.763142450036874e+01 6.766780108327454e-12 -1.096605305136886e-11
2.772261732050197e+01 5.814979389064241e-12 -9.920950661008557e-12
2.781381014063520e+01 4.955100362882141e-12 -8.949560141056452e-12
2.790500296076843e+01 4.180561835872468e-12 -8.048773827319989e-12
2.799619578090166e+01 3.485070758795174e-12 -7.215386814949218e-12
2.808738860103489e+01 2.862629292414952e-12 -6.446135595156873e-12
2.817858142116812e+01 2.307538585597004e-12 -5.737731594519287e-12
2.826977424130135e+01 1.814399709153881e-12 -5.086890090697961e-12
2.836096706143458e+01 1.378112146713070e-12 -4.490354945967512e-12
2.845215988156781e+01 9.938702050559084e-13 -3.944919568744515e-12
2.854335270170104e+01 6.571576703437413e-13 -3.447444483441933e-12
2.863454552183427e+01 3.637410032746982e-13 -2.994871860465964e-12
2.872573834196750e+01 1.096613353785587e-13 -2.584237331049627e-12
2.881693116210073e+01 -1.087744997689439e-13 -2.212679385890588e-12
2.890812398223396e+01 -2.950036927746361e-13 -1.877446632226798e-12
2.899931680236719e+01 -4.522177584490832e-13 -1.575903161030050e-12
2.909050962250042e+01 -5.833732479268337e-13 -1.305532254402876e-12
2.918170244263365e+01 -6.912027312402885e-13 -1.063938642999491e-12
2.927289526276688e+01 -7.782259269612486e-13 -8.488495043216583e-13
2.936408808290011e+01 -8.467608721113097e-13 -6.581143750255824e-13
2.945528090303334e+01 -8.989350405695180e-13 -4.897041338722990e-13
2.954647372316657e+01 -9.366963317813631e-13 -3.417091966146574e-13
2.963766654329980e+01 -9.618238638012503e-13 -2.123370498897943e-13
2.972885936343303e+01 -9.759385156804355e-13 -9.990923802629341e-14
2.982005218356626e+01 -9.805131740387528e-13 -2.857904528479198e-15
2.991124500369950e+01 -9.768826474213401e-13 8.027802118546881e-14
3.000243782383273e+01 -9.662532198262160e-13 1.508569114915710e-13
3.009363064396596e+01 -9.497118216755484e-13 2.101387318332814e-13
3.018482346409919e+01 -9.282348025686768e-13 2.592894732909375e-13
3.027601628423242e+01 -9.026962954697108e-13 2.993856720330949e-13
3.036720910436565e+01 -8.738761666137123e-13 3.314189683809400e-13
3.045840192449888e+01 -8.424675494255718e-13 3.563006647002373e-13
3.054959474463211e+01 -8.090839641930337e-13 3.748662472014441e-13
3.064078756476534e+01 -7.742660281742076e-13 3.878798420211966e-13
3.073198038489857e+01 -7.384877633006941e-13 3.960385807189474e-13
3.082317320503180e+01 -7.021625107068622e-13 3.999768545908859e-13
3.091436602516503e+01 -6.656484630169743e-13 4.002704410172137e-13
3.100555884529826e+01 -6.292538266945623e-13 3.974404884542822e-13
3.109675166543149e+01 -5.932416278393077e-13 3.919573496939890e-13
3.118794448556472e+01 -5.578341756392673e-13 3.842442556712153e-13
3.127913730569795e+01 -5.232171982813699e-13 3.746808244361368e-13
3.137033012583118e+01 -4.895436665187725e-13 3.636064019502449e-13
3.146152294596441e+01 -4.569373203155125e-13 3.513232331393995e-13
3.155271576609764e+01 -4.254959140601640e-13 3.380994631689433e-13
3.164390858623087e+01 -3.952941957819870e-13 3.241719702179231e-13
3.173510140636410e+01 -3.663866356343876e-13 3.097490321432249e-13
3.182629422649733e+01 -3.388099186485499e-13 2.950128303598489e-13
3.191748704663056e+01 -3.125852164202640e-13 2.801217950390205e-13
3.200867986676379e+01 -2.877202519890599e-13 2.652127963583714e-13
3.209987268689702e+01 -2.642111717130856e-13 2.504031870436729e-13
3.219106550703025e+01 -2.420442374466648e-13 2.357927018339640e-13
3.228225832716348e+01 -2.211973517998321e-13 2.214652197945723e-13
3.237345114729671e+01 -2.016414287089012e-13 2.074903956075470e-13
3.246464396742994e+01 -1.833416209817575e-13 1.939251660974142e-13
3.255583678756317e+01 -1.662584159076002e-13 1.808151383119434e-13
3.264702960769640e+01 -1.503486094439528e-13 1.681958654818708e-13
3.273822242782963e+01 -1.355661689187684e-13 1.560940171384843e-13
3.282941524796286e+01 -1.218629936165371e-13 1.445284495810703e-13
3.292060806809609e+01 -1.091895820579611e-13 1.335111827641279e-13
3.301180088822932e+01 -9.749561423592615e-14 1.230482895229676e-13
3.310299370836255e+01 -8.673045653858829e-14 1.131407028811879e-13
3.319418652849578e+01 -7.684359657535424e-14 1.037849469893318e-13
3.328537934862901e+01 -6.778501462491016e-14 9.497379703500692e-14
3.337657216876224e+01 -5.950549794742380e-14 8.669687324463065e-14
3.346776498889547e+01 -5.195690374646699e-14 7.894117386904647e-14
3.355895780902870e+01 -4.509237613065821e-14 7.169155181240252e-14
3.365015062916194e+01 -3.886652201083932e-14 6.493113932840323e-14
3.374134344929517e+01 -3.323555047589971e-14 5.864172497249385e-14
3.383253626942840e+01 -2.815737981908069e-14 5.280408676457009e-14
3.392372908956163e+01 -2.359171603651603e-14 4.739828528599287e-14
3.401492190969486e+01 -1.950010629054131e-14 4.240392020835673e-14
3.410611472982809e+01 -1.584597052147362e-14 3.780035353070800e-14
3.419730754996132e+01 -1.259461410257501e-14 3.356690258763272e-14
3.428850037009455e+01 -9.713224163140872e-15 2.968300568355619e-14
3.437969319022778e+01 -7.170851953417234e-15 2.612836300927355e-14
3.447088601036101e+01 -4.938383391619766e-15 2.288305530558739e-14
3.456207883049424e+01 -2.988499716942750e-15 1.992764255625854e-14
3.465327165062747e+01 -1.295629972325690e-15 1.724324481847111e-14
3.474446447076070e+01 1.641031439061298e-16 1.481160713376656e-14
3.483565729089393e+01 1.412942688393234e-15 1.261515030592897e-14
3.492685011102716e+01 2.471560932063177e-15 1.063700918454877e-14
3.501804293116039e+01 3.359125798429403e-15 8.861059953841443e-15
3.510923575129362e+01 4.093369341602977e-15 7.271937795585437e-15
3.520042857142685e+01 4.690657443936737e-15 5.855046172565367e-15
3.529162139156008e+01 5.166060021603025e-15 4.596558864422036e-15
3.538281421169331e+01 5.533421124702042e-15 3.483415781053684e-15
3.547400703182654e+01 5.805428407399771e-15 2.503313479395274e-15
3.556519985195977e+01 5.993681523766942e-15 1.644691217220459e-15
3.565639267209300e+01 6.108759077070124e-15 8.967132922494707e-16
3.574758549222623e+01 6.160283814860088e-15 2.492483359827832e-16
3.583877831235946e+01 6.156985819888699e-15 -3.071538410107788e-16
3.592997113249269e+01 6.106763498211888e-15 -7.812873224687274e-16
3.602116395262592e+01 6.016742211320806e-15 -1.181316609915038e-15
3.611235677275915e+01 5.893330439274881e-15 -1.514804183813983e-15
3.620354959289238e+01 5.742273397048993e-15 -1.788738741206439e-15
3.629474241302561e+01 5.568704057083741e-15 -2.009563795299866e-15
3.638593523315884e+01 5.377191557746631e-15 -2.183206364865836e-15
3.647712805329207e+01 5.171787000450040e-15 -2.315105519690122e-15
3.656832087342530e+01 4.956066657880206e-15 -2.410240582997757e-15
3.665951369355853e+01 4.733172632496766e-15 -2.473158823005416e-15
3.675070651369176e+01 4.505851018467152e-15 -2.508002493790647e-15
3.684189933382499e+01 4.276487631784451e-15 -2.518535110754611e-15
3.693309215395822e+01 4.047141382739553e-15 -2.508166868322512e-15
3.702428497409145e+01 3.819575372416633e-15 -2.479979127392247e-15
3.711547779422468e+01 3.595285800673556e-15 -2.436747917613243e-15
3.720667061435791e+01 3.375528777356335e-15 -2.380966415048192e-15
3.729786343449114e+01 3.161345131462175e-15 -2.314866369323153e-15
3.738905625462437e+01 2.953583314776100e-15 -2.240438466177201e-15
3.748024907475760e+01 2.752920497313525e-15 -2.159451621541693e-15
3.757144189489083e+01 2.559881951843279e-15 -2.073471212060267e-15
3.766263471502406e+01 2.374858823967203e-15 -1.983876254442966e-15
3.775382753515729e+01 2.198124382805996e-15 -1.891875552360196e-15
3.784502035529052e+01 2.029848845387713e-15 -1.798522834844073e-15
3.793621317542375e+01 1.870112865445821e-15 -1.704730914486356e-15
3.802740599555698e+01 1.718919774589135e-15 -1.611284897205440e-15
3.811859881569021e+01 1.576206660778345e-15 -1.518854478093346e-15
3.820979163582344e+01 1.441854365797187e-15 -1.428005359933117e-15
3.830098445595667e+01 1.315696479997010e-15 -1.339209832476262e-15
3.839217727608990e+01 1.197527409071255e-15 -1.252856551560531e-15
3.848337009622313e+01 1.087109584024396e-15 -1.169259557695863e-15
3.857456291635636e+01 9.841798818759388e-16 -1.088666573910220e-15
3.866575573648959e+01 8.884553210166193e-16 -1.011266622480995e-15
3.875694855662282e+01 7.996380915387985e-16 -9.371969997304915e-16
3.884814137675605e+01 7.174199773198026e-16 -8.665496473793610e-16
3.893933419688928e+01 6.414862231654812e-16 -7.993769580692905e-16
3.903052701702251e+01 5.715188969379273e-16 -7.356970516208061e-16
3.912171983715574e+01 5.071997933095295e-16 -6.754985574153102e-16
3.921291265728897e+01 4.482129226159741e-16 -6.187449370102492e-16
3.930410547742220e+01 3.942466252317839e-16 -5.653783797373784e-16
3.939529829755543e+01 3.449953489696180e-16 -5.153233026181857e-16
3.948649111768867e+01 3.001611242131848e-16 -4.684894844767631e-16
3.957768393782190e+01 2.594547688359007e-16 -4.247748626553738e-16
3.966887675795513e+01 2.225968524346431e-16 -3.840680192560959e-16
3.976006957808836e+01 1.893184470201227e-16 -3.462503823555943e-16
3.985126239822159e+01 1.593616890515533e-16 -3.111981661798602e-16
3.994245521835482e+01 1.324801755815286e-16 -2.787840727905914e-16
4.003364803848805e+01 1.084392152846923e-16 -2.488787764322086e-16
4.012484085862128e+01 8.701595327766313e-17 -2.213522103244591e-16
4.021603367875451e+01 6.799938689398444e-17 -1.960746743650887e-16
4.030722649888774e+01 5.119028795245863e-17 -1.729177809340792e-16
4.039841931902097e+01 3.640104554561995e-17 -1.517552547684389e-16
4.048961213915420e+01 2.345544197259097e-17 -1.324636017066442e-16
4.058080495928743e+01 1.218837314228838e-17 -1.149226599860279e-16
4.067199777942066e+01 2.445523573917771e-18 -9.901604671550512e-17
4.076319059955389e+01 -5.916994983097724e-18 -8.463151114030900e-17
4.085438341968712e+01 -1.303303330320192e-17 -7.166120536469058e-17
4.094557623982035e+01 -1.902681573763002e-17 -6.000188230224394e-17
4.103676905995358e+01 -2.401336634309236e-17 -4.955502978072819e-17
4.112796188008681e+01 -2.809894464076795e-17 -4.022694893778005e-17
4.121915470022004e+01 -3.138148626803557e-17 -3.192878430431714e-17
4.131034752035327e+01 -3.395104442806069e-17 -2.457651228210679e-17
4.140154034048650e+01 -3.589022862427507e-17 -1.809089407915974e-17
4.149273316061973e+01 -3.727463769217881e-17 -1.239739856942604e-17
4.158392598075296e+01 -3.817328461383669e-17 -7.426099989767318e-18
4.167511880088619e+01 -3.864901102482091e-17 -3.111554875342802e-18
4.176631162101942e+01 -3.875888970288077e-17 6.073378376674137e-19
4.185750444115265e+01 -3.855461366581275e-17 3.787490047723511e-18
4.194869726128588e+01 -3.808287080619724e-17 6.481787966819788e-18
4.203989008141911e+01 -3.738570325600487e-17 8.739263113095067e-18
4.213108290155234e+01 -3.650085090752014e-17 1.060526842178320e-17
4.222227572168557e+01 -3.546207872136610e-17 1.212165738372170e-17
4.231346854181880e+01 -3.429948763024652e-17 1.332696439758409e-17
4.240466136195203e+01 -3.303980900079094e-17 1.425658477314016e-17
4.249585418208526e+01 -3.170668274786327e-17 1.494295304995143e-17
4.258704700221849e+01 -3.032091930799072e-17 1.541571850067999e-17
4.267823982235172e+01 -2.890074577314856e-17 1.570191687225822e-17
4.276943264248495e+01 -2.746203656481375e-17 1.582613758309023e-17
4.286062546261818e+01 -2.601852909265404e-17 1.581068574171440e-17
4.295181828275141e+01 -2.458202489399643e-17 1.567573848335121e-17
4.304301110288464e+01 -2.316257679074063e-17 1.543949523682119e-17
4.313420392301787e+01 -2.176866263095433e-17 1.511832163669345e-17
4.322539674315110e+01 -2.040734620420148e-17 1.472688688539444e-17
4.331658956328433e+01 -1.908442593380154e-17 1.427829444847288e-17
4.340778238341756e+01 -1.780457195668921e-17 1.378420603431364e-17
4.349897520355079e+01 -1.657145220324203e-17 1.325495886828637e-17
4.359016802368402e+01 -1.538784808618258e-17 1.269967632150131e-17
4.368136084381725e+01 -1.425576040018108e-17 1.212637199686154e-17
4.377255366395048e+01 -1.317650602274582e-17 1.154204741072102e-17
4.386374648408371e+01 -1.215080599298926e-17 1.095278343789792e-17
4.395493930421694e+01 -1.117886552842984e-17 1.036382571171366e-17
4.404613212435017e+01 -1.026044652160866e-17 9.779664189738251e-18
4.413732494448340e+01 -9.394933038388277e-18 9.204107110580708e-18
4.422851776461663e+01 -8.581390318730799e-18 8.640349577881778e-18
4.431971058474986e+01 -7.818617758853258e-18 8.091037015113176e-18
4.441090340488309e+01 -7.105196331217101e-18 7.558323739289516e-18
4.450209622501632e+01 -6.439530876076417e-18 7.043926903644778e-18
4.459328904514955e+01 -5.819887675502821e-18 6.549176059066317e-18
4.468448186528278e+01 -5.244427698110264e-18 6.075058581934881e-18
4.477567468541601e+01 -4.711235880278745e-18 5.622261212276050e-18
4.486686750554924e+01 -4.218346787656021e-18 5.191207941045276e-18
4.495806032568247e+01 -3.763766979212256e-18 4.782094479177089e-18
4.504925314581570e+01 -3.345494375225614e-18 4.394919533935641e-18
4.514044596594893e+01 -2.961534910360770e-18 4.029513110292830e-18
4.523163878608216e+01 -2.609916733525047e-18 3.685562046694954e-18
4.532283160621540e+01 -2.288702197492181e-18 3.362632985803109e-18
4.541402442634863e+01 -1.995997863403165e-18 3.060192971732992e-18
4.550521724648186e+01 -1.729962728207910e-18 2.777627856086789e-18
4.559641006661509e+01 -1.488814866911935e-18 2.514258685759492e-18
4.568760288674832e+01 -1.270836666142155e-18 2.269356236196970e-18
4.577879570688155e+01 -1.074378811041272e-18 2.042153844554457e-18
4.586998852701478e+01 -8.978631738314381e-19 1.831858688111684e-18
4.596118134714801e+01 -7.397847395401386e-19 1.637661644395288e-18
4.605237416728124e+01 -5.987126923353829e-19 1.458745860781975e-18
4.614356698741447e+01 -4.732907746510915e-19 1.294294152941309e-18
4.623475980754770e+01 -3.622370207716419e-19 1.143495343351846e-18
4.632595262768093e+01 -2.643429567595655e-19 1.005549643309833e-18
4.641714544781416e+01 -1.784723495232680e-19 8.796731743611980e-19
4.650833826794739e+01 -1.035595794021328e-19 7.651017179360029e-19
4.659953108808062e+01 -3.860770286338392e-20 6.610937751565615e-19
4.669072390821385e+01 1.731373527284173e-20 5.669330123291054e-19
4.678191672834708e+01 6.507108726829180e-20 4.819301615141547e-19
4.687310954848031e+01 1.054691388119553e-19 4.054244397999513e-19
4.696430236861354e+01 1.392537550785291e-19 3.367845454714376e-19
4.705549518874677e+01 1.671146003742549e-19 2.754092841674859e-19
4.714668800888000e+01 1.896878998658626e-19 2.207278733429470e-19
4.723788082901323e+01 2.075592160886738e-19 1.721999688899007e-19
4.732907364914646e+01 2.212662167372286e-19 1.293154536135058e-19
4.742026646927969e+01 2.313014136832263e-19 9.159402339054730e-20
4.751145928941292e+01 2.381148562671736e-19 5.858460325104042e-20
4.760265210954615e+01 2.421167646968248e-19 2.986462230255116e-20
4.769384492967938e+01 2.436800918810692e-19 5.039173350442184e-21
4.778503774981261e+01 2.431430042549405e-19 -1.625991975785190e-20
4.787623056994584e+01 2.408112741313395e-19 -3.437510663308819e-20
4.796742339007907e+01 2.369605778681031e-19 -4.962416863863961e-20
4.805861621021230e+01 2.318386956843081e-19 -6.230131510677086e-20
4.814980903034553e+01 2.256676103151171e-19 -7.267830359192651e-20
4.824100185047876e+01 2.186455028768793e-19 -8.100557208513154e-20
4.833219467061199e+01 2.109486453393322e-19 -8.751337275572868e-20
4.842338749074522e+01 2.027331898843150e-19 -9.241289827329900e-20
4.851458031087845e+01 1.941368561840680e-19 -9.589739310462050e-20
4.860577313101168e+01 1.852805182696761e-19 -9.814324338834917e-20
4.869696595114491e+01 1.762696931932839e-19 -9.931104007373127e-20
4.878815877127814e+01 1.671959341272685e-19 -9.954661097856629e-20
4.887935159141137e+01 1.581381308996349e-19 -9.898201828485592e-20
4.897054441154460e+01 1.491637212467609e-19 -9.773651875662575e-20
4.906173723167783e+01 1.403298162807359e-19 -9.591748464135098e-20
4.915293005181106e+01 1.316842438267018e-19 -9.362128381184076e-20
4.924412287194429e+01 1.232665133929128e-19 -9.093411822646034e-20
4.933531569207752e+01 1.151087065991605e-19 -8.793282023887033e-20
4.942650851221075e+01 1.072362969136567e-19 -8.468560668027333e-20
4.951770133234398e+01 9.966890253975720e-20 -8.125279097329502e-20
4.960889415247721e+01 9.242097625688607e-20 -7.768745382249616e-20
4.970008697261044e+01 8.550243595901935e-20 -7.403607326713290e-20
4.979127979274367e+01 7.891923955303508e-20 -7.033911508180056e-20
4.988247261287690e+01 7.267390778162782e-20 -6.663158467430150e-20
4.997366543301013e+01 6.676599842445373e-20 -6.294354176142645e-20

