# omega0=1, alpha=0.3
# theta0=0.1, theta_dot0=0
# t_start=0, t_end=50, h=0.00911928
#   t          x(t)                 v(t)       
0  1.000000000000000e-01  0.000000000000000e+00
9.119282013323059e-02 9.958892898736270e-02 -8.968304472207735e-03
1.823856402664613e-01 9.837389532171913e-02 -1.762142411707241e-02
2.735784603996920e-01 9.638650753304159e-02 -2.589726158799155e-02
3.647712805329227e-01 9.366382436434516e-02 -3.373844137339866e-02
4.559641006661534e-01 9.024790878129128e-02 -4.109263984990967e-02
5.471569207993838e-01 8.618535395891232e-02 -4.791286966849564e-02
6.383497409326140e-01 8.152678544947800e-02 -5.415771761182547e-02
7.295425610658441e-01 7.632634381238532e-02 -5.979153510409736e-02
8.207353811990743e-01 7.064115205813214e-02 -6.478458063964961e-02
9.119282013323045e-01 6.453077231923933e-02 -6.911311354175596e-02
1.003121021465535e+00 5.805665620533585e-02 -7.275943868017865e-02
1.094313841598765e+00 5.128159332066752e-02 -7.571190207018791e-02
1.185506661731995e+00 4.426916241305833e-02 -7.796483764475300e-02
1.276699481865225e+00 3.708318957736443e-02 -7.951846592680041e-02
1.367892301998455e+00 2.978721784829213e-02 -8.037874581552995e-02
1.459085122131685e+00 2.244399238319202e-02 -8.055718122112313e-02
1.550277942264916e+00 1.511496525302396e-02 -8.007058481428631e-02
1.641470762398146e+00 7.859823629070489e-03 -7.894080167827032e-02
1.732663582531376e+00 7.360448761770545e-04 -7.719439613907460e-02
1.823856402664606e+00 -6.201518255719880e-03 -7.486230548423285e-02
1.915049222797836e+00 -1.290101950557786e-02 -7.197946464488779e-02
2.006242042931067e+00 -1.931396558962115e-02 -6.858440619702552e-02
2.097434863064297e+00 -2.539552525957643e-02 -6.471884022781253e-02
2.188627683197527e+00 -3.110479930589864e-02 -6.042721870906197e-02
2.279820503330757e+00 -3.640505030530040e-02 -5.575628902394645e-02
2.371013323463987e+00 -4.126389133249159e-02 -5.075464121156471e-02
2.462206143597217e+00 -4.565343326566158e-02 -4.547225333689568e-02
2.553398963730448e+00 -4.955039070756941e-02 -3.996003917375848e-02
2.644591783863678e+00 -5.293614691406217e-02 -3.426940212000415e-02
2.735784603996908e+00 -5.579677846567768e-02 -2.845179896221577e-02
2.826977424130138e+00 -5.812304073331233e-02 -2.255831678617452e-02
2.918170244263368e+00 -5.991031547462293e-02 -1.663926600241594e-02
3.009363064396598e+00 -6.115852215386714e-02 -1.074379213449722e-02
3.100555884529828e+00 -6.187199480516333e-02 -4.919508709759290e-03
3.191748704663059e+00 -6.205932645922052e-02 7.878466957281768e-04
3.282941524796289e+00 -6.173318332841415e-02 6.334731471625810e-03
3.374134344929519e+00 -6.091009109678400e-02 1.168009050278315e-02
3.465327165062749e+00 -5.961019579216013e-02 1.678562088987601e-02
3.556519985195979e+00 -5.785700182898045e-02 2.161600774022349e-02
3.647712805329209e+00 -5.567708990385092e-02 2.613913009776660e-02
3.738905625462440e+00 -5.309981750243687e-02 3.032623626391337e-02
3.830098445595670e+00 -5.015700483626340e-02 3.415208794206817e-02
3.921291265728900e+00 -4.688260907134990e-02 3.759507282333287e-02
4.012484085862130e+00 -4.331238973678390e-02 4.063728542330999e-02
4.103676905995361e+00 -3.948356820949908e-02 4.326457618306381e-02
4.194869726128591e+00 -3.543448416061333e-02 4.546656906246912e-02
4.286062546261821e+00 -3.120425181760647e-02 4.723664808112586e-02
4.377255366395051e+00 -2.683241884437347e-02 4.857191349885355e-02
4.468448186528281e+00 -2.235863056701905e-02 4.947310857115939e-02
4.559641006661511e+00 -1.782230217676577e-02 4.994451806045153e-02
4.650833826794742e+00 -1.326230142258906e-02 4.999383992572511e-02
4.742026646927972e+00 -8.716644165749543e-03 4.963203184607747e-02
4.833219467061202e+00 -4.222205007389247e-03 4.887313445071285e-02
4.924412287194432e+00 1.855549795446081e-04 4.773407332437683e-02
5.015605107327662e+00 4.472841579433248e-03 4.623444202736730e-02
5.106797927460892e+00 8.607760200383004e-03 4.439626850928577e-02
5.197990747594122e+00 1.256052667618604e-02 4.224376740255211e-02
5.289183567727353e+00 1.630365493240476e-02 3.980308075370568e-02
5.380376387860583e+00 1.981212058035449e-02 3.710200978725581e-02
5.471569207993813e+00 2.306349973974427e-02 3.416974029916913e-02
5.562762028127043e+00 2.603808262643429e-02 3.103656424695240e-02
5.653954848260273e+00 2.871896167334691e-02 2.773360004359337e-02
5.745147668393503e+00 3.109209417748800e-02 2.429251397694091e-02
5.836340488526734e+00 3.314633968210910e-02 2.074524506845527e-02
5.927533308659964e+00 3.487347250845506e-02 1.712373555983896e-02
6.018726128793194e+00 3.626817004486619e-02 1.345966907700087e-02
6.109918948926424e+00 3.732797758117334e-02 9.784218371968769e-03
6.201111769059654e+00 3.805325064260701e-02 6.127804388159828e-03
6.292304589192884e+00 3.844707592939015e-02 2.519868235691823e-03
6.383497409326115e+00 3.851517210558479e-02 -1.011342496615225e-03
6.474690229459345e+00 3.826577180357137e-02 -4.438971825663196e-03
6.565883049592575e+00 3.770948631883026e-02 -7.737736746575878e-03
6.657075869725805e+00 3.685915456360274e-02 -1.088409094179075e-02
6.748268689859035e+00 3.572967792768914e-02 -1.385637003044090e-02
6.839461509992265e+00 3.433784276023854e-02 -1.663491771550029e-02
6.930654330125495e+00 3.270213223800529e-02 -1.920219233896125e-02
7.021847150258726e+00 3.084252942326251e-02 -2.154285350757340e-02
7.113039970391956e+00 2.878031333840371e-02 -2.364382860373433e-02
7.204232790525186e+00 2.653784989424070e-02 -2.549435914810940e-02
7.295425610658416e+00 2.413837950513157e-02 -2.708602713230686e-02
7.386618430791646e+00 2.160580320638791e-02 -2.841276159094881e-02
7.477811250924876e+00 1.896446905801890e-02 -2.947082583191455e-02
7.569004071058107e+00 1.623896057396580e-02 -3.025878589021861e-02
7.660196891191337e+00 1.345388885788001e-02 -3.077746091346535e-02
7.751389711324567e+00 1.063369005565823e-02 -3.102985632342724e-02
7.842582531457797e+00 7.802429651987751e-03 -3.102108072722671e-02
7.933775351591027e+00 4.983615043855657e-03 -3.075824767103141e-02
8.024968171724257e+00 2.200017719286507e-03 -3.025036343733376e-02
8.116160991857488e+00 -5.264937444039092e-04 -2.950820218216653e-02
8.207353811990718e+00 -3.175108770576665e-03 -2.854416978963581e-02
8.298546632123948e+00 -5.726216997920528e-03 -2.737215788686043e-02
8.389739452257178e+00 -8.161536790234125e-03 -2.600738951207207e-02
8.480932272390408e+00 -1.046422934955864e-02 -2.446625796190433e-02
8.572125092523638e+00 -1.261899788093739e-02 -2.276616036080728e-02
8.663317912656868e+00 -1.461217139794496e-02 -2.092532749645003e-02
8.754510732790099e+00 -1.643177289837552e-02 -1.896265145061833e-02
8.845703552923329e+00 -1.806757177775831e-02 -1.689751252645252e-02
8.936896373056559e+00 -1.951112048342333e-02 -1.474960693108424e-02
9.028089193189789e+00 -2.075577554253768e-02 -1.253877661914661e-02
9.119282013323019e+00 -2.179670322285860e-02 -1.028484263866111e-02
9.210474833456249e+00 -2.263087020402171e-02 -8.007443247868493e-03
9.301667653589480e+00 -2.325701974924905e-02 -5.725877991061988e-03
9.392860473722710e+00 -2.367563397178983e-02 -3.458958834706425e-03
9.484053293855940e+00 -2.388888288668293e-02 -1.224869373284457e-03
9.575246113989170e+00 -2.390056102613994e-02 9.589669815344811e-04
9.666438934122400e+00 -2.371601247567133e-02 3.076009013727472e-03
9.757631754255630e+00 -2.334204525777032e-02 5.110709204280178e-03
9.848824574388860e+00 -2.278683605035551e-02 7.048614110409916e-03
9.940017394522091e+00 -2.205982627813312e-02 8.876453115811988e-03
1.003121021465532e+01 -2.117161065650399e-02 1.058221514943471e-02
1.012240303478855e+01 -2.013381929958431e-02 1.215521307467473e-02
1.021359585492178e+01 -1.895899452634844e-02 1.358613555485508e-02
1.030478867505501e+01 -1.766046351189755e-02 1.486708630393424e-02
1.039598149518824e+01 -1.625220793451118e-02 1.599161073309081e-02
1.048717431532147e+01 -1.474873176360293e-02 1.695471010358790e-02
1.057836713545470e+01 -1.316492831917831e-02 1.775284339354068e-02
1.066955995558793e+01 -1.151594771014537e-02 1.838391718023793e-02
1.076075277572116e+01 -9.817065727177719e-03 1.884726392980807e-02
1.085194559585439e+01 -8.083555226163573e-03 1.914360917154654e-02
1.094313841598762e+01 -6.330560991047317e-03 1.927502811440282e-02
1.103433123612085e+01 -4.572979010601995e-03 1.924489233723984e-02
1.112552405625408e+01 -2.825341042947268e-03 1.905780725184486e-02
1.121671687638731e+01 -1.101705275091633e-03 1.871954109766811e-02
1.130790969652054e+01 5.844461868725686e-04 1.823694627935712e-02
1.139910251665377e+01 2.220302337316050e-03 1.761787390190721e-02
1.149029533678700e+01 3.793810220376611e-03 1.687108239334601e-02
1.158148815692023e+01 5.293753311454343e-03 1.600614113112453e-02
1.167268097705346e+01 6.709820917739186e-03 1.503333000573992e-02
1.176387379718669e+01 8.032668270197975e-03 1.396353586363952e-02
1.185506661731992e+01 9.253967065415928e-03 1.280814677134633e-02
1.194625943745315e+01 1.036644630126283e-02 1.157894503430961e-02
1.203745225758638e+01 1.136392333479569e-02 1.028799988762685e-02
1.212864507771961e+01 1.224132517341629e-02 8.947560751989133e-03
1.221983789785284e+01 1.299470009042058e-02 7.569951917519863e-03
1.231103071798607e+01 1.362121973310554e-02 6.167469481199534e-03
1.240222353811930e+01 1.411917196499246e-02 4.752281320915427e-03
1.249341635825254e+01 1.448794475299388e-02 3.336330841477081e-03
1.258460917838577e+01 1.472800147506454e-02 1.931245175824173e-03
1.267580199851900e+01 1.484084808365897e-02 5.482484687409045e-04
1.276699481865223e+01 1.482899261485175e-02 -8.019191887222958e-04
1.285818763878546e+01 1.469589758199499e-02 -2.109076667659070e-03
1.294938045891869e+01 1.444592583607709e-02 -3.363670109906806e-03
1.304057327905192e+01 1.408428051234171e-02 -4.556834259565192e-03
1.313176609918515e+01 1.361693971410779e-02 -5.680446506587458e-03
1.322295891931838e+01 1.305058661002618e-02 -6.727173398591376e-03
1.331415173945161e+01 1.239253564018591e-02 -7.690509444130994e-03
1.340534455958484e+01 1.165065553955490e-02 -8.564808097406590e-03
1.349653737971807e+01 1.083328989425908e-02 -9.345304880319448e-03
1.358773019985130e+01 9.949175947264971e-03 -1.002813266245467e-02
1.367892301998453e+01 9.007362365266973e-03 -1.061032918255931e-02
1.377011584011776e+01 8.017126668167542e-03 -1.108983695593999e-02
1.386130866025099e+01 6.987893006688452e-03 -1.146549577050685e-02
1.395250148038422e+01 5.929150952616935e-03 -1.173702802952478e-02
1.404369430051745e+01 4.850375940260726e-03 -1.190501725110018e-02
1.413488712065068e+01 3.760951967184876e-03 -1.197088008265719e-02
1.422607994078391e+01 2.670097127588233e-03 -1.193683223279607e-02
1.431727276091714e+01 1.586792513135508e-03 -1.180584876266846e-02
1.440846558105037e+01 5.197149741055767e-04 -1.158161921408343e-02
1.449965840118360e+01 -5.228258112164819e-04 -1.126849808175352e-02
1.459085122131683e+01 -1.532945558433623e-03 -1.087145116223624e-02
1.468204404145006e+01 -2.503238539263307e-03 -1.039599833211035e-02
1.477323686158329e+01 -3.426825384242839e-03 -9.848153322693624e-03
1.486442968171652e+01 -4.297395278269585e-03 -9.234361068162370e-03
1.495562250184975e+01 -5.109242354176911e-03 -8.561433208329926e-03
1.504681532198298e+01 -5.857296142561494e-03 -7.836482326694616e-03
1.513800814211621e+01 -6.537145988809299e-03 -7.066855498836012e-03
1.522920096224944e+01 -7.145059400279746e-03 -6.260067716028142e-03
1.532039378238267e+01 -7.677994337484425e-03 -5.423735734292177e-03
1.541158660251590e+01 -8.133605512446115e-03 -4.565512880306165e-03
1.550277942264913e+01 -8.510244804880164e-03 -3.693025322928730e-03
1.559397224278236e+01 -8.806955952066632e-03 -2.813810292901684e-03
1.568516506291559e+01 -9.023463710971078e-03 -1.935256703913099e-03
1.577635788304882e+01 -9.160157731049869e-03 -1.064548595977841e-03
1.586755070318205e+01 -9.218071412998905e-03 -2.086117873834477e-04
1.595874352331528e+01 -9.198856062263016e-03 6.259359153852419e-04
1.604993634344851e+01 -9.104750676239295e-03 1.432830638930427e-03
1.614112916358174e+01 -8.938547730636426e-03 2.206204224633732e-03
1.623232198371497e+01 -8.703555353281300e-03 2.940621641025454e-03
1.632351480384820e+01 -8.403556292713011e-03 3.631113838881156e-03
1.641470762398143e+01 -8.042764104123532e-03 4.273205903249766e-03
1.650590044411466e+01 -7.625776986575017e-03 4.862940398810538e-03
1.659709326424789e+01 -7.157529712957350e-03 5.396895846864542e-03
1.668828608438112e+01 -6.643244097886316e-03 5.872200313574294e-03
1.677947890451435e+01 -6.088378448751696e-03 6.286540129467517e-03
1.687067172464758e+01 -5.498576441501563e-03 6.638163799423485e-03
1.696186454478081e+01 -4.879615855616491e-03 6.925881200082268e-03
1.705305736491404e+01 -4.237357592232569e-03 7.149058197591395e-03
1.714425018504727e+01 -3.577695385685962e-03 7.307606852581541e-03
1.723544300518050e+01 -2.906506602067047e-03 7.401971411011476e-03
1.732663582531373e+01 -2.229604498901876e-03 7.433110308832638e-03
1.741782864544696e+01 -1.552692298053967e-03 7.402474445108305e-03
1.750902146558019e+01 -8.813193996071582e-04 7.311982002119501e-03
1.760021428571342e+01 -2.208400381111452e-04 7.163990111964449e-03
1.769140710584665e+01 4.236253455832131e-04 6.961263687104057e-03
1.778259992597988e+01 1.047225773321508e-03 6.706941747144920e-03
1.787379274611311e+01 1.645412226758516e-03 6.404501585836572e-03
1.796498556624634e+01 2.213966791648738e-03 6.057721130773465e-03
1.805617838637957e+01 2.749028300790074e-03 5.670639853646760e-03
1.814737120651280e+01 3.247114359854313e-03 5.247518591127166e-03
1.823856402664603e+01 3.705139673160667e-03 4.792798635646130e-03
1.832975684677927e+01 4.120430619061325e-03 4.311060451572457e-03
1.842094966691250e+01 4.490736056746539e-03 3.806982365672560e-03
1.851214248704573e+01 4.814234377688310e-03 3.285299571434086e-03
1.860333530717896e+01 5.089536845387380e-03 2.750763774982421e-03
1.869452812731219e+01 5.315687296343806e-03 2.208103796102388e-03
1.878572094744542e+01 5.492158303029690e-03 1.661987421481589e-03
1.887691376757865e+01 5.618843925914010e-03 1.116984788917593e-03
1.896810658771188e+01 5.696049206102898e-03 5.775335610878316e-04
1.905929940784511e+01 5.724476572762819e-03 4.790612578493369e-05
1.915049222797834e+01 5.705209360057187e-03 -4.678209635073724e-04
1.924168504811157e+01 5.639692646737953e-03 -9.657951169574546e-04
1.933287786824480e+01 5.529711647701834e-03 -1.442413242924118e-03
1.942407068837803e+01 5.377367900676041e-03 -1.894344548638826e-03
1.951526350851126e+01 5.185053502690985e-03 -2.318550494085969e-03
1.960645632864449e+01 4.955423660098046e-03 -2.712301812453220e-03
1.969764914877772e+01 4.691367822589720e-03 -3.073192536838253e-03
1.978884196891095e+01 4.395979675987092e-03 -3.399150998998603e-03
1.988003478904418e+01 4.072526270504596e-03 -3.688447791614584e-03
1.997122760917741e+01 3.724416560831478e-03 -3.939700710605848e-03
2.006242042931064e+01 3.355169631747405e-03 -4.151876718314044e-03
2.015361324944387e+01 2.968382878197636e-03 -4.324290991661497e-03
2.024480606957710e+01 2.567700401887162e-03 -4.456603141554621e-03
2.033599888971033e+01 2.156781877624241e-03 -4.548810710669325e-03
2.042719170984356e+01 1.739272131975876e-03 -4.601240076195957e-03
2.051838452997679e+01 1.318771664426925e-03 -4.614534902010112e-03
2.060957735011002e+01 8.988083273072619e-04 -4.589642300965002e-03
2.070077017024325e+01 4.828103654233279e-04 -4.527796882479389e-03
2.079196299037648e+01 7.408099976479237e-05 -4.430502873247570e-03
2.088315581050971e+01 -3.242252779769106e-04 -4.299514509666732e-03
2.097434863064294e+01 -7.091245518699001e-04 -4.136814909422152e-03
2.106554145077617e+01 -1.077823340221221e-03 -3.944593636569176e-03
2.115673427090940e+01 -1.427736356898994e-03 -3.725223179397379e-03
2.124792709104263e+01 -1.756502086471041e-03 -3.481234563367919e-03
2.133911991117586e+01 -2.061996104469224e-03 -3.215292322507800e-03
2.143031273130909e+01 -2.342342094438332e-03 -2.930169051867730e-03
2.152150555144232e+01 -2.595920533623956e-03 -2.628719761061719e-03
2.161269837157555e+01 -2.821375039033395e-03 -2.313856244578198e-03
2.170389119170878e+01 -3.017616385012461e-03 -1.988521678568798e-03
2.179508401184201e+01 -3.183824222272196e-03 -1.655665646277824e-03
2.188627683197524e+01 -3.319446546335792e-03 -1.318219785278854e-03
2.197746965210847e+01 -3.424196980529828e-03 -9.790742393497504e-04
2.206866247224170e+01 -3.498049954798941e-03 -6.410550862660885e-04
2.215985529237493e+01 -3.541233876674001e-03 -3.069029001543162e-04
2.225104811250816e+01 -3.554222404577804e-03 2.074740654641474e-05
2.234224093264139e+01 -3.537723946228391e-03 3.393853308734304e-04
2.243343375277462e+01 -3.492669516130356e-03 6.466420013252955e-04
2.252462657290785e+01 -3.420199095973644e-03 9.403057741065148e-04
2.261581939304108e+01 -3.321646650145092e-03 1.218336119709672e-03
2.270701221317431e+01 -3.198523955470769e-03 1.478875732178231e-03
2.279820503330754e+01 -3.052503409730547e-03 1.720260809772677e-03
2.288939785344077e+01 -2.885399987415907e-03 1.941029472119805e-03
2.298059067357400e+01 -2.699152513646024e-03 2.139928295127603e-03
2.307178349370723e+01 -2.495804428135547e-03 2.315916960868707e-03
2.316297631384046e+01 -2.277484210651550e-03 2.468171035151939e-03
2.325416913397369e+01 -2.046385637549004e-03 2.596082900498167e-03
2.334536195410692e+01 -1.804748035786303e-03 2.699260886605318e-03
2.343655477424015e+01 -1.554836696356720e-03 2.777526654026809e-03
2.352774759437338e+01 -1.298923603398971e-03 2.830910899605803e-03
2.361894041450661e+01 -1.039268628449139e-03 2.859647464121073e-03
2.371013323463984e+01 -7.781013314529089e-04 2.864165933535064e-03
2.380132605477307e+01 -5.176035013637314e-04 2.845082835126920e-03
2.389251887490630e+01 -2.598925595066888e-04 2.803191538589152e-03
2.398371169503953e+01 -7.005938491565285e-06 2.739450979822722e-03
2.407490451517276e+01 2.391134615825934e-04 2.654973331649121e-03
2.416609733530600e+01 4.766306494672838e-04 2.551010750947063e-03
2.425729015543923e+01 7.038306734900840e-04 2.428941335804348e-03
2.434848297557246e+01 9.191294408300611e-04 2.290254429150821e-03
2.443967579570569e+01 1.121083172037405e-03 2.136535407015175e-03
2.453086861583892e+01 1.308396450120791e-03 1.969450090045083e-03
2.462206143597215e+01 1.479928836147653e-03 1.790728916274962e-03
2.471325425610538e+01 1.634700035813322e-03 1.602151011355127e-03
2.480444707623861e+01 1.771893613735096e-03 1.405528289615399e-03
2.489563989637184e+01 1.890859264221599e-03 1.202689715477956e-03
2.498683271650507e+01 1.991113658865997e-03 9.954658499179440e-04
2.507802553663830e+01 2.072339902429526e-03 7.856738009620407e-04
2.516921835677153e+01 2.134385639041057e-03 5.751026906859135e-04
2.526041117690476e+01 2.177259860667761e-03 3.654997438976047e-04
2.535160399703799e+01 2.201128479046984e-03 1.585570957551208e-04
2.544279681717122e+01 2.206308730753418e-03 -4.410059295379646e-05
2.553398963730445e+01 2.193262492759320e-03 -2.409276331580419e-04
2.562518245743768e+01 2.162588592687662e-03 -4.304678471890358e-04
2.571637527757091e+01 2.115014203925528e-03 -6.113640902651487e-04
2.580756809770414e+01 2.051385420832375e-03 -7.823667032116198e-04
2.589876091783737e+01 1.972657113428054e-03 -9.423408559753546e-04
2.598995373797060e+01 1.879882164169234e-03 -1.090272751674354e-03
2.608114655810383e+01 1.774200191718972e-03 -1.225274671075115e-03
2.617233937823706e+01 1.656825867988578e-03 -1.346588847435935e-03
2.626353219837029e+01 1.529036935197384e-03 -1.453590171510538e-03
2.635472501850352e+01 1.392162029275102e-03 -1.545787736099250e-03
2.644591783863675e+01 1.247568414650469e-03 -1.622825238792741e-03
2.653711065876998e+01 1.096649733362491e-03 -1.684480270409376e-03
2.662830347890321e+01 9.408138685362925e-04 -1.730662525019624e-03
2.671949629903644e+01 7.814710186292480e-04 -1.761410975323520e-03
2.681068911916967e+01 6.200220745244523e-04 -1.776890064449224e-03
2.690188193930290e+01 4.578473865818327e-04 -1.777384971927563e-03
2.699307475943613e+01 2.962960032101800e-04 -1.763296017630812e-03
2.708426757956936e+01 1.366754564571773e-04 -1.735132272811754e-03
2.717546039970259e+01 -1.975783640709317e-05 -1.693504452015751e-03
2.726665321983582e+01 -1.718074932489724e-04 -1.639117163545182e-03
2.735784603996905e+01 -3.183453545419184e-04 -1.572760599319647e-03
2.744903886010228e+01 -4.583188906067900e-04 -1.495301747390824e-03
2.754023168023551e+01 -5.907577889537403e-04 -1.407675212038098e-03
2.763142450036874e+01 -7.147796898501887e-04 -1.310873727296589e-03
2.772261732050197e+01 -8.295950460828158e-04 -1.205938449965339e-03
2.781381014063520e+01 -9.345110907103105e-04 -1.093949117628485e-03
2.790500296076843e+01 -1.028934904353855e-03 -9.760141560194882e-04
2.799619578090166e+01 -1.112375581182636e-03 -8.532608181966884e-04
2.808738860103489e+01 -1.184445500163360e-03 -7.268254355105682e-04
2.817858142116812e+01 -1.244860715300436e-03 -5.978438572667005e-04
2.826977424130135e+01 -1.293440485445352e-03 -4.674421523645400e-04
2.836096706143458e+01 -1.330105970751857e-03 -3.367276420656508e-04
2.845215988156781e+01 -1.354878128954267e-03 -2.067803284630788e-04
2.854335270170104e+01 -1.367874850310130e-03 -7.864477823632001e-05
2.863454552183427e+01 -1.369307375241162e-03 4.667748406447001e-05
2.872573834196750e+01 -1.359476043397842e-03 1.682350246023623e-04
2.881693116210073e+01 -1.338765427038511e-03 2.851329479898440e-04
2.890812398223396e+01 -1.307638905233317e-03 3.965387075393956e-04
2.899931680236719e+01 -1.266632738461942e-03 5.016872476045094e-04
2.909050962250042e+01 -1.216349705661860e-03 5.998854538827249e-04
2.918170244263365e+01 -1.157452367695900e-03 6.905158938755853e-04
2.927289526276688e+01 -1.090656022544020e-03 7.730398359990525e-04
2.936408808290011e+01 -1.016721418288956e-03 8.469995420609554e-04
2.945528090303334e+01 -9.364472901680740e-04 9.120198339205645e-04
2.954647372316657e+01 -8.506627876176416e-04 9.678089410728221e-04
2.963766654329980e+01 -7.602198563586263e-04 1.014158641612138e-03
2.972885936343303e+01 -6.659856391864363e-04 1.050943714486997e-03
2.982005218356626e+01 -5.688349572558933e-04 1.078120726119112e-03
2.991124500369950e+01 -4.696429313255200e-04 1.095726179295006e-03
3.000243782383273e+01 -3.692777996733463e-04 1.103874056713089e-03
3.009363064396596e+01 -2.685939862538607e-04 1.102752795658230e-03
3.018482346409919e+01 -1.684254691687767e-04 1.092621733955643e-03
3.027601628423242e+01 -6.957949571116022e-05 1.073807070607194e-03
3.036720910436565e+01 2.716931384703358e-05 1.046697387321041e-03
3.045840192449888e+01 1.210844358788460e-04 1.011738779498606e-03
3.054959474463211e+01 2.114724531109168e-04 9.694296471343502e-04
3.064078756476534e+01 2.976875757598502e-04 9.203151975104032e-04
3.073198038489857e+01 3.791356502180801e-04 8.649817125308705e-04
3.082317320503180e+01 4.552776362564470e-04 8.040506340439634e-04
3.091436602516503e+01 5.256325385814452e-04 7.381725205524715e-04
3.100555884529826e+01 5.897797834404859e-04 6.680209283261199e-04
3.109675166543149e+01 6.473610357691429e-04 5.942862691181719e-04
3.118794448556472e+01 6.980814570823383e-04 5.176696954713076e-04
3.127913730569795e+01 7.417104088906651e-04 4.388770629953541e-04
3.137033012583118e+01 7.780816108394810e-04 3.586130170353823e-04
3.146152294596441e+01 8.070927669902205e-04 2.775752488489236e-04
3.155271576609764e+01 8.287046776612129e-04 1.964489638035384e-04
3.164390858623087e+01 8.429398579924414e-04 1.159016012203706e-04
3.173510140636410e+01 8.498806878711704e-04 3.657784235683865e-05
3.182629422649733e+01 8.496671210321764e-04 -4.090506032541319e-05
3.191748704663056e+01 8.424939840093800e-04 -1.159616029895250e-04
3.200867986676379e+01 8.286078981499849e-04 -1.880419734074580e-04
3.209987268689702e+01 8.083038600959101e-04 -2.566355949463649e-04
3.219106550703025e+01 7.819215179815469e-04 -3.212742532731315e-04
3.228225832716348e+01 7.498411820860123e-04 -3.815347914069104e-04
3.237345114729671e+01 7.124796098094784e-04 -4.370413626756075e-04
3.246464396742994e+01 6.702856056172069e-04 -4.874672350380838e-04
3.255583678756317e+01 6.237354770149301e-04 -5.325361440878495e-04
3.264702960769640e+01 5.733283876912613e-04 -5.720231958260619e-04
3.273822242782963e+01 5.195816486957402e-04 -6.057553239530059e-04
3.282941524796286e+01 4.630259879262049e-04 -6.336113099509085e-04
3.292060806809609e+01 4.042008372901954e-04 -6.555213775917493e-04
3.301180088822932e+01 3.436496756979264e-04 -6.714663766785227e-04
3.310299370836255e+01 2.819154645569803e-04 -6.814765737961708e-04
3.319418652849578e+01 2.195362106909944e-04 -6.856300705904004e-04
3.328537934862901e+01 1.570406896176319e-04 -6.840508725924093e-04
3.337657216876224e+01 9.494435991774134e-05 -6.769066338512291e-04
3.346776498889547e+01 3.374549703175859e-05 -6.644061046114314e-04
3.355895780902870e+01 -2.607842774410609e-05 -6.467963109733799e-04
3.365015062916194e+01 -8.407409999496104e-05 -6.243594968895353e-04
3.374134344929517e+01 -1.398154264123773e-04 -5.974098599795820e-04
3.383253626942840e+01 -1.929062931738810e-04 -5.662901134878147e-04
3.392372908956163e+01 -2.429830041181462e-04 -5.313679072591911e-04
3.401492190969486e+01 -2.897163873697227e-04 -4.930321408789677e-04
3.410611472982809e+01 -3.328135620913236e-04 -4.516892021103466e-04
3.419730754996132e+01 -3.720193600524992e-04 -4.077591634827104e-04
3.428850037009455e+01 -4.071173996766052e-04 -3.616719693394337e-04
3.437969319022778e+01 -4.379308131399766e-04 -3.138636448604680e-04
3.447088601036101e+01 -4.643226299259333e-04 -2.647725575441657e-04
3.456207883049424e+01 -4.861958229607037e-04 -2.148357603799871e-04
3.465327165062747e+01 -5.034930260590660e-04 -1.644854444850975e-04
3.474446447076070e+01 -5.161959338664696e-04 -1.141455273309214e-04
3.483565729089393e+01 -5.243243977852917e-04 -6.422840086906971e-05
3.492685011102716e+01 -5.279352335011150e-04 -1.513186189916390e-05
3.501804293116039e+01 -5.271207576676830e-04 3.276375507586490e-05
3.510923575129362e+01 -5.220070730555950e-04 7.909822446773099e-05
3.520042857142685e+01 -5.127521230108203e-04 1.235338399493580e-04
3.529162139156008e+01 -4.995435373976440e-04 1.657575751471635e-04
3.538281421169331e+01 -4.825962933115810e-04 2.054829837038916e-04
3.547400703182654e+01 -4.621502147378213e-04 2.424518301695260e-04
3.556519985195977e+01 -4.384673359986317e-04 2.764354456148892e-04
3.565639267209300e+01 -4.118291542792989e-04 3.072358042838951e-04
3.574758549222623e+01 -3.825337967490161e-04 3.346863199866389e-04
3.583877831235946e+01 -3.508931278046386e-04 3.586523632679744e-04
3.592997113249269e+01 -3.172298217671783e-04 3.790315026472823e-04
3.602116395262592e+01 -2.818744259605479e-04 3.957534753981566e-04
3.611235677275915e+01 -2.451624385081552e-04 4.087798954062981e-04
3.620354959289238e+01 -2.074314244055618e-04 4.181037075958342e-04
3.629474241302561e+01 -1.690181924778889e-04 4.237484002357453e-04
3.638593523315884e+01 -1.302560547214154e-04 4.257669881176628e-04
3.647712805329207e+01 -9.147218827324660e-05 4.242407811240722e-04
3.656832087342530e+01 -5.298511886530536e-05 4.192779540734751e-04
3.665951369355853e+01 -1.510234311413032e-05 4.110119349294357e-04
3.675070651369176e+01 2.188189460843483e-05 3.995996294883608e-04
3.684189933382499e+01 5.768865667070444e-05 3.852195015125153e-04
3.693309215395822e+01 9.205618575147442e-05 3.680695279479799e-04
3.702428497409145e+01 1.247415870088010e-04 3.483650493612718e-04
3.711547779422468e+01 1.555223102226214e-04 3.263365360439818e-04
3.720667061435791e+01 1.841974251591221e-04 3.022272903742439e-04
3.729786343449114e+01 2.105886852821002e-04 2.762911059907708e-04
3.738905625462437e+01 2.345413768031969e-04 2.487899041344754e-04
3.748024907475760e+01 2.559249519038040e-04 2.199913671505365e-04
3.757144189489083e+01 2.746334467622449e-04 1.901665886274782e-04
3.766263471502406e+01 2.905856867668480e-04 1.595877589878118e-04
3.775382753515729e+01 3.037252829758716e-04 1.285259045463949e-04
3.784502035529052e+01 3.140204254869487e-04 9.724869712812981e-05
3.793621317542375e+01 3.214634808907797e-04 6.601835029692641e-05
3.802740599555698e+01 3.260704023962306e-04 3.508961710463377e-05
3.811859881569021e+01 3.278799625179224e-04 4.707903034061305e-06
3.820979163582344e+01 3.269528194050396e-04 -2.489249350314654e-05
3.830098445595667e+01 3.233704289548629e-04 -5.349000213225756e-05
3.839217727608990e+01 3.172338157910238e-04 -8.087725339533262e-05
3.848337009622313e+01 3.086622169904703e-04 -1.068623954674228e-04
3.857456291635636e+01 2.977916131116141e-04 -1.312702481294371e-04
3.866575573648959e+01 2.847731616072706e-04 -1.539432889297118e-04
3.875694855662282e+01 2.697715480991654e-04 -1.747424679787391e-04
3.884814137675605e+01 2.529632712464524e-04 -1.935478493222711e-04
3.893933419688928e+01 2.345348770605000e-04 -2.102590783151157e-04
3.903052701702251e+01 2.146811585048217e-04 -2.247956758599236e-04
3.912171983715574e+01 1.936033360761685e-04 -2.370971617712402e-04
3.921291265728897e+01 1.715072347951276e-04 -2.471230108648819e-04
3.930410547742220e+01 1.486014726476440e-04 -2.548524466468093e-04
3.939529829755543e+01 1.250956750190893e-04 -2.602840786754431e-04
3.948649111768867e+01 1.011987290569926e-04 -2.634353907889834e-04
3.957768393782190e+01 7.711709119513117e-05 -2.643420884177775e-04
3.966887675795513e+01 5.305316027876974e-05 -2.630573141351442e-04
3.976006957808836e+01 2.920372785734376e-05 -2.596507414331889e-04
3.985126239822159e+01 5.758516266147919e-06 -2.542075574389195e-04
3.994245521835482e+01 -1.710118588772438e-05 -2.468273459072509e-04
4.003364803848805e+01 -3.920378227792449e-05 -2.376228823390477e-04
4.012484085862128e+01 -6.038851399218827e-05 -2.267188534729905e-04
4.021603367875451e+01 -8.050648491982724e-05 -2.142505136894637e-04
4.030722649888774e+01 -9.942156221910811e-05 -2.003622910434667e-04
4.039841931902097e+01 -1.170111478539586e-04 -1.852063557132901e-04
4.048961213915420e+01 -1.331668183546097e-04 -1.689411636147241e-04
4.058080495928743e+01 -1.477948311138386e-04 -1.517299877900705e-04
4.067199777942066e+01 -1.608164966701466e-04 -1.337394499411599e-04
4.076319059955389e+01 -1.721684175426131e-04 -1.151380641405820e-04
4.085438341968712e+01 -1.818025952609023e-04 -9.609480433072922e-05
4.094557623982035e+01 -1.896864082700446e-04 -7.677770671193896e-05
4.103676905995358e+01 -1.958024643758320e-04 -5.735251753540689e-05
4.112796188008681e+01 -2.001483323262187e-04 -3.798139616054426e-05
4.121915470022004e+01 -2.027361579909093e-04 -1.882168251731870e-05
4.131034752035327e+01 -2.035921713999405e-04 -2.473733946826563e-08
4.140154034048650e+01 -2.027560916278080e-04 1.826513728784882e-05
4.149273316061973e+01 -2.002804371585763e-04 3.591169038437935e-05
4.158392598075296e+01 -1.962297499361915e-04 5.278762174697021e-05
4.167511880088619e+01 -1.906797417903926e-04 6.877538396634828e-05
4.176631162101942e+01 -1.837163723304322e-04 8.376788284921053e-05
4.185750444115265e+01 -1.754348677152521e-04 9.766907324550127e-05
4.194869726128588e+01 -1.659386899395274e-04 1.103944482191535e-04
4.203989008141911e+01 -1.553384664205098e-04 1.218714204305487e-04
4.213108290155234e+01 -1.437508897319781e-04 1.320395955131070e-04
4.222227572168557e+01 -1.312975973106088e-04 1.408509381176927e-04
4.231346854181880e+01 -1.181040408591035e-04 1.482698321602151e-04
4.240466136195203e+01 -1.042983549924433e-04 1.542730376336627e-04
4.249585418208526e+01 -9.001023442221962e-05 1.588495471300214e-04
4.258704700221849e+01 -7.536982865315288e-05 1.620003459547919e-04
4.267823982235172e+01 -6.050666278016937e-05 1.637380804023591e-04
4.276943264248495e+01 -4.554859252866690e-05 1.640866393900592e-04
4.286062546261818e+01 -3.062080118013836e-05 1.630806552187760e-04
4.295181828275141e+01 -1.584484547571971e-05 1.607649297352229e-04
4.304301110288464e+01 -1.337756997314007e-06 1.571937926132571e-04
4.313420392301787e+01 1.278879510425274e-05 1.524303988467638e-04
4.322539674315110e+01 2.642927482589307e-05 1.465459728535674e-04
4.331658956328433e+01 3.948497895174005e-05 1.396190068278099e-04
4.340778238341756e+01 5.186466179815900e-05 1.317344211471818e-04
4.349897520355079e+01 6.348508196398040e-05 1.229826947417852e-04
4.359016802368402e+01 7.427146870869304e-05 1.134589733642744e-04
4.368136084381725e+01 8.415790630436026e-05 1.032621636678102e-04
4.377255366395048e+01 9.308763542409329e-05 9.249402090133534e-05
4.386374648408371e+01 1.010132713353197e-04 8.125823787324183e-05
4.395493930421694e+01 1.078969393543495e-04 6.965954261762669e-05
4.404613212435017e+01 1.137103286846928e-04 5.780281192536003e-05
4.413732494448340e+01 1.184346664003554e-04 4.579220757884760e-05
4.422851776461663e+01 1.220606139424423e-04 3.373034175868837e-05
4.431971058474986e+01 1.245880890686934e-04 2.171747767672710e-05
4.441090340488309e+01 1.260260167273659e-04 9.850771037831308e-06
4.450209622501632e+01 1.263920128158479e-04 -1.776442553170276e-06
4.459328904514955e+01 1.257120052277033e-04 -1.307530963767449e-05
4.468448186528278e+01 1.240197969870975e-04 -2.396206633945749e-05
4.477567468541601e+01 1.213565766147934e-04 -3.435858768496771e-05
4.486686750554924e+01 1.177703811636631e-04 -4.419287587295882e-05
4.495806032568247e+01 1.133155176029078e-04 -5.339948513834089e-05
4.504925314581570e+01 1.080519484183610e-04 -6.191988143846769e-05
4.514044596594893e+01 1.020446474312515e-04 -6.970273577219991e-05
4.523163878608216e+01 9.536293191995910e-05 -7.670415051824883e-05
4.532283160621540e+01 8.807977715935358e-05 -8.288781874495020e-05
4.541402442634863e+01 8.027111947142846e-05 -8.822511699438989e-05
4.550521724648186e+01 7.201515381067179e-05 -9.269513257558956e-05
4.559641006661509e+01 6.339163178986462e-05 -9.628462691041281e-05
4.568760288674832e+01 5.448116588900961e-05 -9.898793695841554e-05
4.577879570688155e+01 4.536454538442777e-05 -1.008068171997943e-04
4.586998852701478e+01 3.612206928955394e-05 -1.017502250759697e-04
4.596118134714801e+01 2.683290131670178e-05 -1.018340531726111e-04
4.605237416728124e+01 1.757445155336304e-05 -1.010808117778532e-04
4.614356698741447e+01 8.421789200941495e-06 -9.951926575722828e-05
4.623475980754770e+01 -5.529096481556196e-07 -9.718402995496725e-05
4.632595262768093e+01 -9.280875613678943e-06 -9.411512755770729e-05
4.641714544781416e+01 -1.769721784280632e-05 -9.035751604055145e-05
4.650833826794739e+01 -2.574135129743972e-05 -8.596058545649955e-05
4.659953108808062e+01 -3.335737721242402e-05 -8.097763392850413e-05
4.669072390821385e+01 -4.049441486957351e-05 -7.546532525915687e-05
4.678191672834708e+01 -4.710688328155586e-05 -6.948313358696226e-05
4.687310954848031e+01 -5.315473182825063e-05 -6.309277999132760e-05
4.696430236861354e+01 -5.860361933250984e-05 -5.635766588210573e-05
4.705549518874677e+01 -6.342504149877398e-05 -4.934230790538120e-05
4.714668800888000e+01 -6.759640706336958e-05 -4.211177895706681e-05
4.723788082901323e+01 -7.110106341634806e-05 -3.473115972189405e-05
4.732907364914646e+01 -7.392827284843753e-05 -2.726500494987908e-05
4.742026646927969e+01 -7.607314095030914e-05 -1.977682844786063e-05
4.751145928941292e+01 -7.753649904238742e-05 -1.232861050294140e-05
4.760265210954615e+01 -7.832474283959020e-05 -4.980331170467748e-06
4.769384492967938e+01 -7.844962985466873e-05 2.210467445484416e-06
4.778503774981261e+01 -7.792803831450028e-05 9.189087113236658e-06
4.787623056994584e+01 -7.678169060432134e-05 1.590404512676372e-05
4.796742339007907e+01 -7.503684446431279e-05 2.230740956915613e-05
4.805861621021230e+01 -7.272395534028927e-05 2.835509641994527e-05
4.814980903034553e+01 -6.987731343491201e-05 3.400712710040848e-05
4.824100185047876e+01 -6.653465911753518e-05 3.922784541323007e-05
4.833219467061199e+01 -6.273678042948450e-05 4.398609319393240e-05
4.842338749074522e+01 -5.852709646749830e-05 4.825534434838132e-05
4.851458031087845e+01 -5.395123044174341e-05 5.201379730059859e-05
4.860577313101168e+01 -4.905657618700975e-05 5.524442621540138e-05
4.869696595114491e+01 -4.389186185738327e-05 5.793499168850327e-05
4.878815877127814e+01 -3.850671445711605e-05 6.007801191029380e-05
4.887935159141137e+01 -3.295122875498204e-05 6.167069560638475e-05
4.897054441154460e+01 -2.727554399774108e-05 6.271483833618790e-05
4.906173723167783e+01 -2.152943168222229e-05 6.321668398849673e-05
4.915293005181106e+01 -1.576189746691704e-05 6.318675354872072e-05
4.924412287194429e+01 -1.002080010491690e-05 6.263964342473148e-05
4.933531569207752e+01 -4.352490062723037e-06 6.159379580611047e-05
4.942650851221075e+01 1.198529743833247e-06 6.007124369406461e-05
4.951770133234398e+01 6.589918912240795e-06 5.809733337574659e-05
4.960889415247721e+01 1.178178828837643e-05 5.570042722676611e-05
4.970008697261044e+01 1.673696081482450e-05 5.291158980911815e-05
4.979127979274367e+01 2.142120310666619e-05 4.976426028861713e-05
4.988247261287690e+01 2.580342664632261e-05 4.629391422646339e-05
4.997366543301013e+01 2.985585776800329e-05 4.253771780424148e-05

