# omega0=1, alpha=1
# theta0=0.1, theta_dot0=0
# t_start=0, t_end=50, h=0.00911928
#   t          x(t)                 v(t)       
0  1.000000000000000e-01  0.000000000000000e+00
9.119282013323059e-02 9.959749806048256e-02 -8.689319428821170e-03
1.823856402664613e-01 9.844030830522774e-02 -1.655261612037873e-02
2.735784603996920e-01 9.660335445286002e-02 -2.359972225222145e-02
3.647712805329227e-01 9.416040494899484e-02 -2.984603917373353e-02
4.559641006661534e-01 9.118359313433608e-02 -3.531192537620031e-02
5.471569207993838e-01 8.774299240482912e-02 -4.002210287534328e-02
6.383497409326140e-01 8.390624457930040e-02 -4.400508423983848e-02
7.295425610658441e-01 7.973823950632122e-02 -4.729262208055882e-02
8.207353811990743e-01 7.530084379161975e-02 -4.991918249935043e-02
9.119282013323045e-01 7.065267640213888e-02 -5.192144375529193e-02
1.003121021465535e+00 6.584892879710220e-02 -5.333782121599436e-02
1.094313841598765e+00 6.094122714657375e-02 -5.420801950100931e-02
1.185506661731995e+00 5.597753412202466e-02 -5.457261257767149e-02
1.276699481865225e+00 5.100208768066267e-02 -5.447265242498167e-02
1.367892301998455e+00 4.605537421593273e-02 -5.394930673083308e-02
1.459085122131685e+00 4.117413341137359e-02 -5.304352592804502e-02
1.550277942264916e+00 3.639139211484734e-02 -5.179573970434671e-02
1.641470762398146e+00 3.173652454595562e-02 -5.024558294206244e-02
1.732663582531376e+00 2.723533616191373e-02 -4.843165085785795e-02
1.823856402664606e+00 2.291016853663718e-02 -4.639128292562612e-02
1.915049222797836e+00 1.878002265427038e-02 -4.416037498100481e-02
2.006242042931067e+00 1.486069808139654e-02 -4.177321872872607e-02
2.097434863064297e+00 1.116494556084888e-02 -3.926236770824130e-02
2.188627683197527e+00 7.702630663173553e-03 -3.665852862249117e-02
2.279820503330757e+00 4.480906237851177e-03 -3.399047680216014e-02
2.371013323463987e+00 1.504391523623669e-03 -3.128499446530039e-02
2.462206143597217e+00 -1.224644096195483e-03 -2.856683034100595e-02
2.553398963730448e+00 -3.706094573687140e-03 -2.585867915624493e-02
2.644591783863678e+00 -5.941829652597610e-03 -2.318117943669220e-02
2.735784603996908e+00 -7.935507899250765e-03 -2.055292804453225e-02
2.826977424130138e+00 -9.692391762080907e-03 -1.799050986734559e-02
2.918170244263368e+00 -1.121916596940560e-02 -1.550854108064448e-02
3.009363064396598e+00 -1.252376043218475e-02 -1.311972443046434e-02
3.100555884529828e+00 -1.361517867843822e-02 -1.083491501962335e-02
3.191748704663059e+00 -1.450333270984546e-02 -8.663195129802072e-03
3.282941524796289e+00 -1.519888503976940e-02 -6.611956669495259e-03
3.374134344929519e+00 -1.571309854630189e-02 -4.686989903296224e-03
3.465327165062749e+00 -1.605769465452463e-02 -2.892577189189872e-03
3.556519985195979e+00 -1.624472024947682e-02 -1.231590526029092e-03
3.647712805329209e+00 -1.628642361564665e-02 2.944082081896104e-04
3.738905625462440e+00 -1.619513960037228e-02 1.685065366410825e-03
3.830098445595670e+00 -1.598318410746569e-02 2.941132949103810e-03
3.921291265728900e+00 -1.566275794369323e-02 4.064366204496113e-03
4.012484085862130e+00 -1.524585996442419e-02 5.057422209346144e-03
4.103676905995361e+00 -1.474420939570072e-02 5.923760148178377e-03
4.194869726128591e+00 -1.416917714804765e-02 6.667543931708037e-03
4.286062546261821e+00 -1.353172588235027e-02 7.293547720141921e-03
4.377255366395051e+00 -1.284235853987042e-02 7.807064844479395e-03
4.468448186528281e+00 -1.211107500670673e-02 8.213820549118712e-03
4.559641006661511e+00 -1.134733654747419e-02 8.519888912220814e-03
4.650833826794742e+00 -1.056003761340140e-02 8.731614236581847e-03
4.742026646927972e+00 -9.757484606126597e-03 8.855537143371965e-03
4.833219467061202e+00 -8.947381159907558e-03 8.898325544140925e-03
4.924412287194432e+00 -8.136819491428166e-03 8.866710613074150e-03
5.015605107327662e+00 -7.332277357558774e-03 8.767427831688091e-03
5.106797927460892e+00 -6.539620156974985e-03 8.607163132037991e-03
5.197990747594122e+00 -5.764107711123635e-03 8.392504122109836e-03
5.289183567727353e+00 -5.010405263305471e-03 8.129896338392480e-03
5.380376387860583e+00 -4.282598241282266e-03 7.825604435663476e-03
5.471569207993813e+00 -3.584210338474656e-03 7.485678192737713e-03
5.562762028127043e+00 -2.918224481162851e-03 7.115923185262577e-03
5.653954848260273e+00 -2.287106263809080e-03 6.721875952516626e-03
5.745147668393503e+00 -1.692829451370004e-03 6.308783464478874e-03
5.836340488526734e+00 -1.136903165951250e-03 5.881586678061672e-03
5.927533308659964e+00 -6.204003950785676e-04 5.444907957203622e-03
6.018726128793194e+00 -1.439874799379858e-04 5.003042120346108e-03
6.109918948926424e+00 2.920457360974965e-04 4.559950870501563e-03
6.201111769059654e+00 6.877553957372758e-04 4.119260357486360e-03
6.292304589192884e+00 1.043513026922576e-03 3.684261618751382e-03
6.383497409326115e+00 1.359975103761628e-03 3.257913644408291e-03
6.474690229459345e+00 1.638052996999511e-03 2.842848813325467e-03
6.565883049592575e+00 1.878883518820035e-03 2.441380450359663e-03
6.657075869725805e+00 2.083800244196546e-03 2.055512259703576e-03
6.748268689859035e+00 2.254305768947481e-03 1.686949395774428e-03
6.839461509992265e+00 2.392045043241742e-03 1.337110940857102e-03
6.930654330125495e+00 2.498779898652904e-03 1.007143567665932e-03
7.021847150258726e+00 2.576364867077640e-03 6.979361749269774e-04
7.113039970391956e+00 2.626724370995113e-03 4.101352948403722e-04
7.204232790525186e+00 2.651831346717701e-03 1.441610827013235e-04
7.295425610658416e+00 2.653687345522853e-03 -9.977628911129808e-05
7.386618430791646e+00 2.634304141901174e-03 -3.216599982685472e-04
7.477811250924876e+00 2.595686863634902e-03 -5.216498536955228e-04
7.569004071058107e+00 2.539818645049857e-03 -7.000656311338145e-04
7.660196891191337e+00 2.468646792568802e-03 -8.573705906814837e-04
7.751389711324567e+00 2.384070440630561e-03 -9.941552913544374e-04
7.842582531457797e+00 2.287929666114811e-03 -1.111121805322475e-03
7.933775351591027e+00 2.181996020606334e-03 -1.209068422349483e-03
8.024968171724257e+00 2.067964432117034e-03 -1.288874923182847e-03
8.116160991857488e+00 1.947446421225251e-03 -1.351488489255801e-03
8.207353811990718e+00 1.821964570950599e-03 -1.397910305142937e-03
8.298546632123948e+00 1.692948185014633e-03 -1.429182899790036e-03
8.389739452257178e+00 1.561730065395452e-03 -1.446378262663142e-03
8.480932272390408e+00 1.429544337216783e-03 -1.450586761659316e-03
8.572125092523638e+00 1.297525246965823e-03 -1.442906880916425e-03
8.663317912656868e+00 1.166706858753693e-03 -1.424435788568610e-03
8.754510732790099e+00 1.038023572761417e-03 -1.396260737028331e-03
8.845703552923329e+00 9.123113900954340e-04 -1.359451291539919e-03
8.936896373056559e+00 7.903098489524580e-04 -1.315052376542778e-03
9.028089193189789e+00 6.726645582068374e-04 -1.264078123799272e-03
9.119282013323019e+00 5.599302562279475e-04 -1.207506501272890e-03
9.210474833456249e+00 4.525743248552489e-04 -1.146274697372639e-03
9.301667653589480e+00 3.509806909505345e-04 -1.081275231392177e-03
9.392860473722710e+00 2.554540507583836e-04 -1.013352757746409e-03
9.484053293855940e+00 1.662243553867720e-04 -9.433015289208776e-04
9.575246113989170e+00 8.345149902220950e-05 -8.718634798747306e-04
9.666438934122400e+00 7.230154972141405e-06 -7.997268949489197e-04
9.757631754255630e+00 -6.240529176128131e-05 -7.275256170988428e-04
9.848824574388860e+00 -1.254757629678903e-04 -6.558387584647407e-04
9.940017394522091e+00 -1.820525006091966e-04 -5.851908708831544e-04
1.003121021465532e+01 -2.322521151438417e-04 -5.160525348973417e-04
1.012240303478855e+01 -2.762317050830380e-04 -4.488413261123436e-04
1.021359585492178e+01 -3.141840803319646e-04 -3.839231183300485e-04
1.030478867505501e+01 -3.463331182111766e-04 -3.216136837601199e-04
1.039598149518824e+01 -3.729292774798370e-04 -2.621805517035830e-04
1.048717431532147e+01 -3.942452922205634e-04 -2.058450884175015e-04
1.057836713545470e+01 -4.105720641117801e-04 -1.527847623627074e-04
1.066955995558793e+01 -4.222147684230048e-04 -1.031355606842728e-04
1.076075277572116e+01 -4.294891860343144e-04 -5.699452454977425e-05
1.085194559585439e+01 -4.327182709138044e-04 -1.442237284817305e-05
1.094313841598762e+01 -4.322289597944245e-04 2.455381429152161e-05
1.103433123612085e+01 -4.283492282802739e-04 5.993787869013090e-05
1.112552405625408e+01 -4.214053952864263e-04 9.176185849724610e-05
1.121671687638731e+01 -4.117196755779528e-04 1.200832761760016e-04
1.130790969652054e+01 -3.996079782236593e-04 1.449824604485380e-04
1.139910251665377e+01 -3.853779470172248e-04 1.665599205131510e-04
1.149029533678700e+01 -3.693272373405953e-04 1.849337888329689e-04
1.158148815692023e+01 -3.517420225480693e-04 2.002373468306849e-04
1.167268097705346e+01 -3.328957217297708e-04 2.126166459159975e-04
1.176387379718669e+01 -3.130479396644448e-04 2.222282344321307e-04
1.185506661731992e+01 -2.924436088871498e-04 2.292369993438420e-04
1.194625943745315e+01 -2.713123230701560e-04 2.338141298090292e-04
1.203745225758638e+01 -2.498678503372759e-04 2.361352081854845e-04
1.212864507771961e+01 -2.283078146945397e-04 2.363784325283068e-04
1.221983789785284e+01 -2.068135334547898e-04 2.347229732356360e-04
1.231103071798607e+01 -1.855499983513224e-04 2.313474652032408e-04
1.240222353811930e+01 -1.646659879669012e-04 2.264286356536123e-04
1.249341635825254e+01 -1.442942991399338e-04 2.201400667131620e-04
1.258460917838577e+01 -1.245520851399772e-04 2.126510908216024e-04
1.267580199851900e+01 -1.055412886207166e-04 2.041258161695365e-04
1.276699481865223e+01 -8.734915765095858e-05 1.947222785718941e-04
1.285818763878546e+01 -7.004883348401917e-05 1.845917154937156e-04
1.294938045891869e+01 -5.369999914443355e-05 1.738779573479043e-04
1.304057327905192e+01 -3.834957837971740e-05 1.627169306784765e-04
1.313176609918515e+01 -2.403247503587967e-05 1.512362674236364e-04
1.322295891931838e+01 -1.077234346077629e-05 1.395550141164558e-04
1.331415173945161e+01 1.417618888117896e-06 1.277834346225022e-04
1.340534455958484e+01 1.253386486227180e-05 1.160228998286949e-04
1.349653737971807e+01 2.258168469135792e-05 1.043658575810372e-04
1.358773019985130e+01 3.157439371347641e-05 9.289587611564261e-05
1.367892301998453e+01 3.953252716035719e-05 8.168775423254401e-05
1.377011584011776e+01 4.648304777822698e-05 7.080769152001616e-05
1.386130866025099e+01 5.245857145924295e-05 6.031351204346600e-05
1.395250148038422e+01 5.749661546430596e-05 5.025493506231088e-05
1.404369430051745e+01 6.163887323937376e-05 4.067388652573742e-05
1.413488712065068e+01 6.493051926735156e-05 3.160484531899983e-05
1.422607994078391e+01 6.741954685906770e-05 2.307521848132428e-05
1.431727276091714e+01 6.915614127215198e-05 1.510573989005493e-05
1.440846558105037e+01 7.019209005782904e-05 7.710887199130580e-06
1.449965840118360e+01 7.058023207434701e-05 8.993121292536680e-07
1.459085122131683e+01 7.037394617324740e-05 -5.325720471628816e-06
1.468204404145006e+01 6.962668016187306e-05 -1.096588904926769e-05
1.477323686158329e+01 6.839152027301761e-05 -1.602737116252739e-05
1.486442968171652e+01 6.672080103075819e-05 -2.052040228169968e-05
1.495562250184975e+01 6.466575509032954e-05 -2.445884081041509e-05
1.504681532198298e+01 6.227620234918781e-05 -2.785974224361715e-05
1.513800814211621e+01 5.960027737575324e-05 -3.074294504765360e-05
1.522920096224944e+01 5.668419398108054e-05 -3.313067053003763e-05
1.532039378238267e+01 5.357204556608008e-05 -3.504713865767953e-05
1.541158660251590e+01 5.030563971193625e-05 -3.651820148499037e-05
1.550277942264913e+01 4.692436534294359e-05 -3.757099556858329e-05
1.559397224278236e+01 4.346509067788999e-05 -3.823361447450078e-05
1.568516506291559e+01 3.996209009705112e-05 -3.853480222791608e-05
1.577635788304882e+01 3.644699798543431e-05 -3.850366831483687e-05
1.586755070318205e+01 3.294878756767670e-05 -3.816942462103301e-05
1.595874352331528e+01 2.949377272447537e-05 -3.756114448559364e-05
1.604993634344851e+01 2.610563077309048e-05 -3.670754385540679e-05
1.614112916358174e+01 2.280544420378905e-05 -3.563678435250817e-05
1.623232198371497e+01 1.961175938856120e-05 -3.437629790858860e-05
1.632351480384820e+01 1.654066031652807e-05 -3.295263247977964e-05
1.641470762398143e+01 1.360585546068128e-05 -3.139131822983804e-05
1.650590044411466e+01 1.081877594149225e-05 -2.971675346060577e-05
1.659709326424789e+01 8.188683223090371e-06 -2.795210947462701e-05
1.668828608438112e+01 5.722784655768051e-06 -2.611925347547568e-05
1.677947890451435e+01 3.426355263219755e-06 -2.423868854603720e-05
1.687067172464758e+01 1.302864262914166e-06 -2.232950969299334e-05
1.696186454478081e+01 -6.458950978467920e-07 -2.040937490633307e-05
1.705305736491404e+01 -2.419673710421521e-06 -1.849449015507048e-05
1.714425018504727e+01 -4.019633998893816e-06 -1.659960722368820e-05
1.723544300518050e+01 -5.448217660457429e-06 -1.473803328731467e-05
1.732663582531373e+01 -6.709014772434898e-06 -1.292165112645412e-05
1.741782864544696e+01 -7.806635186461718e-06 -1.116094889338406e-05
1.750902146558019e+01 -8.746583031968689e-06 -9.465058361287069e-06
1.760021428571342e+01 -9.535135054743345e-06 -7.841800612974566e-06
1.769140710584665e+01 -1.017922342263255e-05 -6.297738157887851e-06
1.778259992597988e+01 -1.068632353987780e-05 -4.838232503148614e-06
1.787379274611311e+01 -1.106434732459697e-05 -3.467506246023048e-06
1.796498556624634e+01 -1.132154232091970e-05 -2.188708800538528e-06
1.805617838637957e+01 -1.146639693856045e-05 -1.003984919458928e-06
1.814737120651280e+01 -1.150755203842643e-05 8.545477627016526e-08
1.823856402664603e+01 -1.145371901340022e-05 1.079261995768782e-06
1.832975684677927e+01 -1.131360444884902e-05 1.977878385354905e-06
1.842094966691250e+01 -1.109584138778202e-05 2.782463171077762e-06
1.851214248704573e+01 -1.080892717094663e-05 3.494821408280744e-06
1.860333530717896e+01 -1.046116777252081e-05 4.117333355178979e-06
1.869452812731219e+01 -1.006062850738159e-05 4.652885433449309e-06
1.878572094744542e+01 -9.615090946131653e-06 5.104803185871170e-06
1.887691376757865e+01 -9.132015839037391e-06 5.476786589456553e-06
1.896810658771188e+01 -8.618511819636341e-06 5.772848032557490e-06
1.905929940784511e+01 -8.081309632845587e-06 5.997253216392877e-06
1.915049222797834e+01 -7.526741610763619e-06 6.154465195509058e-06
1.924168504811157e+01 -6.960726101803145e-06 6.249091728060177e-06
1.933287786824480e+01 -6.388756545105711e-06 6.285836065611292e-06
1.942407068837803e+01 -5.815894872141875e-06 6.269451273543386e-06
1.951526350851126e+01 -5.246768910755880e-06 6.204698137158615e-06
1.960645632864449e+01 -4.685573463427394e-06 6.096306675301619e-06
1.969764914877772e+01 -4.136074730947420e-06 5.948941252757938e-06
1.978884196891095e+01 -3.601617754791724e-06 5.767169254868123e-06
1.988003478904418e+01 -3.085136555974585e-06 5.555433262689206e-06
1.997122760917741e+01 -2.589166654832237e-06 5.318026644606229e-06
2.006242042931064e+01 -2.115859664777175e-06 5.059072460490445e-06
2.015361324944387e+01 -1.666999663345624e-06 4.782505557246332e-06
2.024480606957710e+01 -1.244021055601808e-06 4.492057719801104e-06
2.033599888971033e+01 -8.480276579439654e-07 4.191245729170849e-06
2.042719170984356e+01 -4.798127443668170e-07 3.883362169078674e-06
2.051838452997679e+01 -1.398798120728422e-07 3.571468814585987e-06
2.060957735011002e+01 1.715361612000586e-07 3.258392430205191e-06
2.070077017024325e+01 4.544471798324098e-07 2.946722800861759e-06
2.079196299037648e+01 7.090906084292912e-07 2.638812816733822e-06
2.088315581050971e+01 9.359076444841596e-07 2.336780432282859e-06
2.097434863064294e+01 1.135522048344199e-06 2.042512320564168e-06
2.106554145077617e+01 1.308719276992886e-06 1.757669046034230e-06
2.115673427090940e+01 1.456426152187993e-06 1.483691582419267e-06
2.124792709104263e+01 1.579691177871531e-06 1.221809006642168e-06
2.133911991117586e+01 1.679665606595237e-06 9.730472051939234e-07
2.143031273130909e+01 1.757585340062488e-06 7.382384355544383e-07
2.152150555144232e+01 1.814753734845173e-06 5.180315921944911e-07
2.161269837157555e+01 1.852525370951129e-06 3.129030342088856e-07
2.170389119170878e+01 1.872290828243230e-06 1.231678396292415e-07
2.179508401184201e+01 1.875462503783908e-06 -5.100864016196245e-08
2.188627683197524e+01 1.863461492028488e-06 -2.095990438457464e-07
2.197746965210847e+01 1.837705539437973e-06 -3.527021905074159e-07
2.206866247224170e+01 1.799598075539705e-06 -4.805312970734148e-07
2.215985529237493e+01 1.750518313737544e-06 -5.934023140680434e-07
2.225104811250816e+01 1.691812407260401e-06 -6.917224620231490e-07
2.234224093264139e+01 1.624785638530714e-06 -7.759790421041554e-07
2.243343375277462e+01 1.550695613919299e-06 -8.467285859261129e-07
2.252462657290785e+01 1.470746430310857e-06 -9.045864011763725e-07
2.261581939304108e+01 1.386083775111999e-06 -9.502165615820991e-07
2.270701221317431e+01 1.297790917263729e-06 -9.843223820010316e-07
2.279820503330754e+01 1.206885543442131e-06 -1.007637412006526e-06
2.288939785344077e+01 1.114317390911211e-06 -1.020916974311107e-06
2.298059067357400e+01 1.020966626394594e-06 -1.024930267749142e-06
2.307178349370723e+01 9.276429188204650e-07 -1.020453048336313e-06
2.316297631384046e+01 8.350851528278395e-07 -1.008260896153873e-06
2.325416913397369e+01 7.439617294620342e-07 -9.891230704773639e-07
2.334536195410692e+01 6.548714004925593e-07 -9.637969506863008e-07
2.343655477424015e+01 5.683445832170668e-07 -9.330230560533622e-07
2.352774759437338e+01 4.848451034298903e-07 -8.975206335152837e-07
2.361894041450661e+01 4.047723153931832e-07 -8.579837989661617e-07
2.371013323463984e+01 3.284635491134294e-07 -8.150782144776629e-07
2.380132605477307e+01 2.561968369579428e-07 -7.694382811275180e-07
2.389251887490630e+01 1.881938736078321e-07 -7.216648247932867e-07
2.398371169503953e+01 1.246231655001796e-07 -6.723232503264332e-07
2.407490451517276e+01 6.560332822877308e-08 -6.219421379443250e-07
2.416609733530600e+01 1.120649281728573e-08 -5.710122544456310e-07
2.425729015543923e+01 -3.853821567926746e-08 -5.199859509474336e-07
2.434848297557246e+01 -8.364116117831940e-08 -4.692769182390727e-07
2.443967579570569e+01 -1.241486724596804e-07 -4.192602705265948e-07
2.453086861583892e+01 -1.601395405526134e-07 -3.702729282806818e-07
2.462206143597215e+01 -1.917215635666289e-07 -3.226142710778511e-07
2.471325425610538e+01 -2.190281622742809e-07 -2.765470317174394e-07
2.480444707623861e+01 -2.422150871607738e-07 -2.322984034834711e-07
2.489563989637184e+01 -2.614572351232266e-07 -1.900613331794032e-07
2.498683271650507e+01 -2.769455915467404e-07 -1.499959734738985e-07
2.507802553663830e+01 -2.888843111178306e-07 -1.122312691367890e-07
2.516921835677153e+01 -2.974879484693543e-07 -7.686665289657729e-08
2.526041117690476e+01 -3.029788475940448e-07 -4.397382789534709e-08
2.535160399703799e+01 -3.055846969237747e-07 -1.359861503588186e-08
2.544279681717122e+01 -3.055362550546879e-07 1.423715510784275e-08
2.553398963730445e+01 -3.030652503088940e-07 3.953372472775129e-08
2.562518245743768e+01 -2.984024556645879e-07 6.231148303280834e-08
2.571637527757091e+01 -2.917759390600438e-07 8.260904832333857e-08
2.580756809770414e+01 -2.834094876835132e-07 1.004813724401939e-07
2.589876091783737e+01 -2.735212036001134e-07 1.159978806944185e-07
2.598995373797060e+01 -2.623222669367850e-07 1.292406589589854e-07
2.608114655810383e+01 -2.500158618448987e-07 1.403026982114367e-07
2.617233937823706e+01 -2.367962595838490e-07 1.492862054631864e-07
2.626353219837029e+01 -2.228480523140336e-07 1.563009887051318e-07
2.635472501850352e+01 -2.083455305493963e-07 1.614629222463366e-07
2.644591783863675e+01 -1.934521966931232e-07 1.648924976282300e-07
2.653711065876998e+01 -1.783204066595534e-07 1.667134641653651e-07
2.662830347890321e+01 -1.630911312650183e-07 1.670515620988229e-07
2.671949629903644e+01 -1.478938288439547e-07 1.660333503524931e-07
2.681068911916967e+01 -1.328464204078542e-07 1.637851299575886e-07
2.690188193930290e+01 -1.180553586068942e-07 1.604319633580386e-07
2.699307475943613e+01 -1.036157817708252e-07 1.560967890293120e-07
2.708426757956936e+01 -8.961174439024456e-08 1.508996301356361e-07
2.717546039970259e+01 -7.611651554519967e-08 1.449568953147864e-07
2.726665321983582e+01 -6.319293698861112e-08 1.383807691144249e-07
2.735784603996905e+01 -5.089383284095231e-08 1.312786891076936e-07
2.744903886010228e+01 -3.926246314374923e-08 1.237529062863632e-07
2.754023168023551e+01 -2.833301384679712e-08 1.159001249648730e-07
2.763142450036874e+01 -1.813111616176723e-08 1.078112181253638e-07
2.772261732050197e+01 -8.674388597605129e-09 9.957101388932368e-08
2.781381014063520e+01 2.700460441502940e-11 9.125814861256468e-08
2.790500296076843e+01 7.969784500832563e-09 8.294498196357559e-08
2.799619578090166e+01 1.515698337869550e-08 7.469756925739216e-08
2.808738860103489e+01 2.159737059474236e-08 6.657568627443359e-08
2.817858142116812e+01 2.730488288961216e-08 5.863290179267539e-08
2.826977424130135e+01 3.229806331189407e-08 5.091669309844226e-08
2.836096706143458e+01 3.659951245805954e-08 4.346859981240852e-08
2.845215988156781e+01 4.023535531348573e-08 3.632441146952190e-08
2.854335270170104e+01 4.323472656953096e-08 2.951438442102305e-08
2.863454552183427e+01 4.562927689429618e-08 2.306348378010708e-08
2.872573834196750e+01 4.745270225233128e-08 1.699164630676164e-08
2.881693116210073e+01 4.874029800285442e-08 1.131406031874099e-08
2.890812398223396e+01 4.952853915849824e-08 6.041458921455581e-09
2.899931680236719e+01 4.985468785835717e-08 1.180423066883875e-09
2.909050962250042e+01 4.975642880110955e-08 -3.266308822282966e-09
2.918170244263365e+01 4.927153309690957e-08 -7.299527694732018e-09
2.927289526276688e+01 4.843755073104261e-08 -1.092323997417371e-08
2.936408808290011e+01 4.729153158826182e-08 -1.414435548208962e-08
2.945528090303334e+01 4.586977476432717e-08 -1.697237949977125e-08
2.954647372316657e+01 4.420760569042651e-08 -1.941911105473710e-08
2.963766654329980e+01 4.233918041659046e-08 -2.149834928544444e-08
2.972885936343303e+01 4.029731624148812e-08 -2.322560951246410e-08
2.982005218356626e+01 3.811334773755518e-08 -2.461785042528296e-08
2.991124500369950e+01 3.581700710159037e-08 -2.569321358278980e-08
3.000243782383273e+01 3.343632766099326e-08 -2.647077622327621e-08
3.009363064396596e+01 3.099756928385836e-08 -2.697031818727498e-08
3.018482346409919e+01 2.852516437626800e-08 -2.721210357444869e-08
3.027601628423242e+01 2.604168310136605e-08 -2.721667758456868e-08
3.036720910436565e+01 2.356781642112889e-08 -2.700467883279717e-08
3.045840192449888e+01 2.112237554213171e-08 -2.659666728128313e-08
3.054959474463211e+01 1.872230633996748e-08 -2.601296779266902e-08
3.064078756476534e+01 1.638271734223548e-08 -2.527352918653768e-08
3.073198038489857e+01 1.411691986609648e-08 -2.439779856706238e-08
3.082317320503180e+01 1.193647893222228e-08 -2.340461058902642e-08
3.091436602516503e+01 9.851273611492410e-09 -2.231209123973659e-08
3.100555884529826e+01 7.869565502979532e-09 -2.113757563588162e-08
3.109675166543149e+01 5.998074090613529e-09 -1.989753926673211e-08
3.118794448556472e+01 4.242057780454232e-09 -1.860754205783640e-08
3.127913730569795e+01 2.605399479805171e-09 -1.728218458208536e-08
3.137033012583118e+01 1.090695642579293e-09 -1.593507570720429e-08
3.146152294596441e+01 -3.006522284573304e-10 -1.457881093985883e-08
3.155271576609764e+01 -1.568344563476672e-09 -1.322496070608236e-08
3.164390858623087e+01 -2.713090062360170e-09 -1.188406779507680e-08
3.173510140636410e+01 -3.736512186608830e-09 -1.056565318802590e-08
3.182629422649733e+01 -4.641056535577737e-09 -9.278229494800744e-09
3.191748704663056e+01 -5.429899765642221e-09 -8.029321228742592e-09
3.200867986676379e+01 -6.106860641244690e-09 -6.825491162491037e-09
3.209987268689702e+01 -6.676313738506516e-09 -5.672372025507155e-09
3.219106550703025e+01 -7.143106255638773e-09 -4.574702825954388e-09
3.228225832716348e+01 -7.512478320119004e-09 -3.536369105391790e-09
3.237345114729671e+01 -7.789987120838524e-09 -2.560446463771107e-09
3.246464396742994e+01 -7.981435134438373e-09 -1.649246723997190e-09
3.255583678756317e+01 -8.092802659068531e-09 -8.043661393202550e-10
3.264702960769640e+01 -8.130184816007164e-09 -2.673508261299549e-11
3.273822242782963e+01 -8.099733130106482e-09 6.833313062934177e-10
3.282941524796286e+01 -8.007601753991707e-09 1.326082000994214e-09
3.292060806809609e+01 -7.859898358396911e-09 1.902278943807958e-09
3.301180088822932e+01 -7.662639672008746e-09 2.413146284399570e-09
3.310299370836255e+01 -7.421711618708762e-09 2.860320371502115e-09
3.319418652849578e+01 -7.142833968130982e-09 3.245800829299651e-09
3.328537934862901e+01 -6.831529386932036e-09 3.571903012519864e-09
3.337657216876224e+01 -6.493096753031811e-09 3.841212097705727e-09
3.346776498889547e+01 -6.132588573228478e-09 4.056539032699155e-09
3.355895780902870e+01 -5.754792325909903e-09 4.220878532258382e-09
3.365015062916194e+01 -5.364215534946055e-09 4.337369275099955e-09
3.374134344929517e+01 -4.965074368112602e-09 4.409256426636164e-09
3.383253626942840e+01 -4.561285543412901e-09 4.439856582375068e-09
3.392372908956163e+01 -4.156461319273199e-09 4.432525199446570e-09
3.401492190969486e+01 -3.753907339617241e-09 4.390626558075494e-09
3.410611472982809e+01 -3.356623102109783e-09 4.317506271082954e-09
3.419730754996132e+01 -2.967304817218824e-09 4.216466337683130e-09
3.428850037009455e+01 -2.588350427008170e-09 4.090742717959321e-09
3.437969319022778e+01 -2.221866555559044e-09 3.943485386440468e-09
3.447088601036101e+01 -1.869677167458039e-09 3.777740807132529e-09
3.456207883049424e+01 -1.533333716707376e-09 3.596436758150435e-09
3.465327165062747e+01 -1.214126575544964e-09 3.402369421696931e-09
3.474446447076070e+01 -9.130975408436784e-10 3.198192644484935e-09
3.483565729089393e+01 -6.310532248352086e-10 2.986409264732581e-09
3.492685011102716e+01 -3.685791467236350e-10 2.769364394499036e-09
3.501804293116039e+01 -1.260543521747976e-10 2.549240540293335e-09
3.510923575129362e+01 9.633360144562959e-11 2.328054440491019e-09
3.520042857142685e+01 2.985734449867584e-10 2.107655495043952e-09
3.529162139156008e+01 4.808149220353590e-10 1.889725661174092e-09
3.538281421169331e+01 6.433535659466418e-10 1.675780688106973e-09
3.547400703182654e+01 7.866156457180359e-10 1.467172564329330e-09
3.556519985195977e+01 9.111433855604059e-10 1.265093052251447e-09
3.565639267209300e+01 1.017580551708315e-09 1.070578187423074e-09
3.574758549222623e+01 1.106658488941145e-09 8.845136224980735e-10
3.583877831235946e+01 1.179182678526842e-09 7.076406998753983e-10
3.592997113249269e+01 1.236019878908301e-09 5.405631412729593e-10
3.602116395262592e+01 1.278085900479265e-09 3.837542473302398e-10
3.611235677275915e+01 1.306334056284942e-09 2.375645056020668e-10
3.620354959289238e+01 1.321744321467591e-09 1.022295109207846e-10
3.629474241302561e+01 1.325313225787378e-09 -2.212189200778799e-11
3.638593523315884e+01 1.318044495605668e-09 -1.354593278183988e-10
3.647712805329207e+01 1.300940454336837e-09 -2.378425493266647e-10
3.656832087342530e+01 1.274994183565447e-09 -3.294131075090999e-10
3.665951369355853e+01 1.241182440792445e-09 -4.103860978148574e-10
3.675070651369176e+01 1.200459324116107e-09 -4.810420417128695e-10
3.684189933382499e+01 1.153750669065758e-09 -5.417189561699898e-10
3.693309215395822e+01 1.101949158279358e-09 -5.928046576701982e-10
3.702428497409145e+01 1.045910120737083e-09 -6.347293414595874e-10
3.711547779422468e+01 9.864479938158141e-10 -6.679584709697950e-10
3.720667061435791e+01 9.243334184950392e-10 -6.929860068624780e-10
3.729786343449114e+01 8.602909356016958e-10 -7.103279998737455e-10
3.738905625462437e+01 7.949972490064462e-10 -7.205165666405177e-10
3.748024907475760e+01 7.290800201517835e-10 -7.240942629769957e-10
3.757144189489083e+01 6.631171571766866e-10 -7.216088646515747e-10
3.766263471502406e+01 5.976365611758950e-10 -7.136085616019089e-10
3.775382753515729e+01 5.331162917661041e-10 -7.006375677244930e-10
3.784502035529052e+01 4.699851140979526e-10 -6.832321448881401e-10
3.793621317542375e+01 4.086233897228696e-10 -6.619170366483939e-10
3.802740599555698e+01 3.493642742690765e-10 -6.372023042799908e-10
3.811859881569021e+01 2.924951856729825e-10 -6.095805551924751e-10
3.820979163582344e+01 2.382595077230879e-10 -5.795245515433916e-10
3.830098445595667e+01 1.868584948762028e-10 -5.474851849057634e-10
3.839217727608990e+01 1.384533456740264e-10 -5.138898011717932e-10
3.848337009622313e+01 9.316741359662144e-11 -4.791408584715942e-10
3.857456291635636e+01 5.108852581385505e-11 -4.436148997416752e-10
3.866575573648959e+01 1.227138201343480e-11 -4.076618206794221e-10
3.875694855662282e+01 -2.325999272698887e-11 -3.716044131526544e-10
3.884814137675605e+01 -5.550976521648882e-11 -3.357381636826170e-10
3.893933419688928e+01 -8.450780389762373e-11 -3.003312863692273e-10
3.903052701702251e+01 -1.103072014989425e-10 -2.656249695634682e-10
3.912171983715574e+01 -1.329818291452337e-10 -2.318338156978371e-10
3.921291265728897e+01 -1.526239386107013e-10 -1.991464539460775e-10
3.930410547742220e+01 -1.693418275636116e-10 -1.677263057825030e-10
3.939529829755543e+01 -1.832575808564575e-10 -1.377124840338315e-10
3.948649111768867e+01 -1.945048991739126e-10 -1.092208066476392e-10
3.957768393782190e+01 -2.032270246710285e-10 -8.234490712686247e-11
3.966887675795513e+01 -2.095747716242187e-10 -5.715742438523844e-11
3.976006957808836e+01 -2.137046685842520e-10 -3.371125565081877e-11
3.985126239822159e+01 -2.157772170692634e-10 -1.204085697094407e-11
3.994245521835482e+01 -2.159552704710404e-10 7.836423159713056e-12
4.003364803848805e+01 -2.144025355728716e-10 2.591899052760488e-11
4.012484085862128e+01 -2.112821978943434e-10 4.221964474599912e-11
4.021603367875451e+01 -2.067556709890203e-10 5.676422304963127e-11
4.030722649888774e+01 -2.009814688254458e-10 6.959025873992821e-11
4.039841931902097e+01 -1.941141994800757e-10 8.074566365946045e-11
4.048961213915420e+01 -1.863036775616024e-10 9.028744306599563e-11
4.058080495928743e+01 -1.776941520679938e-10 9.828045028963703e-11
4.067199777942066e+01 -1.684236457482329e-10 1.047961875970144e-10
4.076319059955389e+01 -1.586234014974496e-10 1.099116587595819e-10
4.085438341968712e+01 -1.484174308537173e-10 1.137082779332946e-10
4.094557623982035e+01 -1.379221592836606e-10 1.162708386081074e-10
4.103676905995358e+01 -1.272461626383182e-10 1.176865455810429e-10
4.112796188008681e+01 -1.164899889262673e-10 1.180441121485557e-10
4.121915470022004e+01 -1.057460593835043e-10 1.174329240045240e-10
4.131034752035327e+01 -9.509864271448390e-11 1.159422706708327e-10
4.140154034048650e+01 -8.462389633143525e-11 1.136606446790411e-10
4.149273316061973e+01 -7.438996842494772e-11 1.106751081644605e-10
4.158392598075296e+01 -6.445715475315749e-11 1.070707260280469e-10
4.167511880088619e+01 -5.487810413502296e-11 1.029300643663976e-10
4.176631162101942e+01 -4.569806677055003e-11 9.833275246501899e-11
4.185750444115265e+01 -3.695517968290677e-11 9.335510629375495e-11
4.194869726128588e+01 -2.868078377976328e-11 8.806981113441795e-11
4.203989008141911e+01 -2.089976725965271e-11 8.254566070755377e-11
4.213108290155234e+01 -1.363093033958944e-11 7.684734994601101e-11
4.222227572168557e+01 -6.887366548694865e-12 7.103531838548839e-11
4.231346854181880e+01 -6.768561154617007e-13 6.516564100427189e-11
4.240466136195203e+01 4.997732729964053e-12 5.928996324359862e-11
4.249585418208526e+01 1.013803841576983e-11 5.345547687405187e-11
4.258704700221849e+01 1.474980022215065e-11 4.770493333960229e-11
4.267823982235172e+01 1.884245527251459e-11 4.207669120681873e-11
4.276943264248495e+01 2.242874127937223e-11 3.660479436982411e-11
4.286062546261818e+01 2.552430769861454e-11 3.131907770921823e-11
4.295181828275141e+01 2.814733764780594e-11 2.624529697290813e-11
4.304301110288464e+01 3.031818265331116e-11 2.140527973609966e-11
4.313420392301787e+01 3.205901200921311e-11 1.681709440419495e-11
4.322539674315110e+01 3.339347825952186e-11 1.249523434366614e-11
4.331658956328433e+01 3.434640005537260e-11 8.450814359878498e-12
4.340778238341756e+01 3.494346339181026e-11 4.691776885157857e-12
4.349897520355079e+01 3.521094199521540e-11 1.223105393082382e-12
4.359016802368402e+01 3.517543741311463e-11 -1.952957285914157e-12
4.368136084381725e+01 3.486363915353914e-11 -4.836687908834578e-12
4.377255366395048e+01 3.430210503158943e-11 -7.430661018909592e-12
4.386374648408371e+01 3.351706170662281e-11 -9.739528225566884e-12
4.395493930421694e+01 3.253422523455775e-11 -1.176980022445885e-11
4.404613212435017e+01 3.137864131611144e-11 -1.352963305008122e-11
4.413732494448340e+01 3.007454479316778e-11 -1.502861988980983e-11
4.422851776461663e+01 2.864523783162006e-11 -1.627758962819188e-11
4.431971058474986e+01 2.711298612956476e-11 -1.728841313499764e-11
4.441090340488309e+01 2.549893240417499e-11 -1.807381816069677e-11
4.450209622501632e+01 2.382302633842124e-11 -1.864721355938154e-11
4.459328904514955e+01 2.210397010943960e-11 -1.902252342231827e-11
4.468448186528278e+01 2.035917857312937e-11 -1.921403157576178e-11
4.477567468541601e+01 1.860475314380980e-11 -1.923623677480958e-11
4.486686750554924e+01 1.685546838276392e-11 -1.910371881119954e-11
4.495806032568247e+01 1.512477029450732e-11 -1.883101564727683e-11
4.504925314581570e+01 1.342478532388868e-11 -1.843251159099646e-11
4.514044596594893e+01 1.176633904989406e-11 -1.792233643783661e-11
4.523163878608216e+01 1.015898358252711e-11 -1.731427542485148e-11
4.532283160621540e+01 8.611032686614465e-12 -1.662168976970425e-11
4.541402442634863e+01 7.129603680092218e-12 -1.585744750324630e-11
4.550521724648186e+01 5.720665183535431e-12 -1.503386424785109e-11
4.559641006661509e+01 4.389089831685523e-12 -1.416265354502765e-11
4.568760288674832e+01 3.138711095823973e-12 -1.325488629454793e-11
4.577879570688155e+01 1.972383407374382e-12 -1.232095883310669e-11
4.586998852701478e+01 8.920448174592211e-13 -1.137056915304876e-11
4.596118134714801e+01 -1.012185263048025e-13 -1.041270074057675e-11
4.605237416728124e+01 -1.007106756280512e-12 -9.455613497706419e-12
4.614356698741447e+01 -1.826040135728765e-12 -8.506841202666459e-12
4.623475980754770e+01 -2.559092955380970e-12 -7.573194959034142e-12
4.632595262768093e+01 -3.207927996726671e-12 -6.660772084243189e-12
4.641714544781416e+01 -3.774732033161167e-12 -5.774969892778514e-12
4.650833826794739e+01 -4.262152790830523e-12 -4.920503837969271e-12
4.659953108808062e+01 -4.673237742650758e-12 -4.101429488397148e-12
4.669072390821385e+01 -5.011375061865986e-12 -3.321167830149103e-12
4.678191672834708e+01 -5.280237015912339e-12 -2.582533404071164e-12
4.687310954848031e+01 -5.483726037500661e-12 -1.887764807443371e-12
4.696430236861354e+01 -5.625923667917688e-12 -1.238557111731036e-12
4.705549518874677e+01 -5.711042527736376e-12 -6.360957719256009e-13
4.714668800888000e+01 -5.743381432554068e-12 -8.109162813871229e-14
4.723788082901323e+01 -5.727283736145683e-12 4.261833737568761e-13
4.732907364914646e+01 -5.667098950604029e-12 8.858600888290619e-13
4.742026646927969e+01 -5.567147662690470e-12 1.298436026289504e-12
4.751145928941292e+01 -5.431689737763009e-12 1.664739440964355e-12
4.760265210954615e+01 -5.264895777288891e-12 1.985893927476544e-12
4.769384492967938e+01 -5.070821773069417e-12 2.263283754542154e-12
4.778503774981261e+01 -4.853386880870968e-12 2.498520150213320e-12
4.787623056994584e+01 -4.616354218117540e-12 2.693408722971198e-12
4.796742339007907e+01 -4.363314574591026e-12 2.849918178434928e-12
4.805861621021230e+01 -4.097672911627469e-12 2.970150467236895e-12
4.814980903034553e+01 -3.822637514001621e-12 3.056312476432934e-12
4.824100185047876e+01 -3.541211649459350e-12 3.110689354762384e-12
4.833219467061199e+01 -3.256187583581401e-12 3.135619541224044e-12
4.842338749074522e+01 -2.970142792229984e-12 3.133471546850586e-12
4.851458031087845e+01 -2.685438210123975e-12 3.106622521291146e-12
4.860577313101168e+01 -2.404218351988252e-12 3.057438618880582e-12
4.869696595114491e+01 -2.128413142104474e-12 2.988257163301709e-12
4.878815877127814e+01 -1.859741288830340e-12 2.901370595739046e-12
4.887935159141137e+01 -1.599715042627632e-12 2.799012178573066e-12
4.897054441154460e+01 -1.349646179223130e-12 2.683343415156335e-12
4.906173723167783e+01 -1.110653053599376e-12 2.556443136021787e-12
4.915293005181106e+01 -8.836685754557711e-13 2.420298192964743e-12
4.924412287194429e+01 -6.694489624794577e-13 2.276795694773282e-12
4.933531569207752e+01 -4.685831341087102e-13 2.127716711908809e-12
4.942650851221075e+01 -2.815026153526845e-13 1.974731372107460e-12
4.951770133234398e+01 -1.084918275487238e-13 1.819395264626226e-12
4.960889415247721e+01 5.030134940407365e-14 1.663147067634542e-12
4.970008697261044e+01 1.948548508891710e-13 1.507307310988960e-12
4.979127979274367e+01 3.252616369766808e-13 1.353078185259758e-12
4.988247261287690e+01 4.417189287102702e-13 1.201544307336753e-12
4.997366543301013e+01 5.445175544268433e-13 1.053674353159513e-12

